64
64
228
0,0
0,1
0,2
0,3
0,4
1,0
1,1
1,2
1,3
2,0
2,1
2,2
3,0
3,1
4,0
6,10
7,5
7,10
7,20
8,5
8,9
8,20
9,5
9,8
9,15
9,19
9,20
10,5
10,7
10,14
10,18
10,20
11,5
11,6
11,14
11,17
12,5
12,6
12,14
12,15
12,16
13,4
13,6
13,18
13,19
13,20
14,4
14,5
14,9
14,10
14,16
14,17
14,20
15,7
15,8
15,10
15,15
15,20
16,5
16,6
16,10
16,14
16,19
17,5
17,10
17,14
17,17
17,18
18,5
18,10
18,14
18,15
18,16
19,5
19,9
19,10
19,20
20,5
20,7
20,8
20,16
20,18
20,19
20,20
21,5
21,6
21,15
21,16
21,17
22,10
22,14
22,15
22,19
22,20
23,10
23,16
23,17
23,18
23,20
24,5
24,10
24,15
24,17
24,20
25,5
25,10
25,14
25,17
25,20
26,5
26,10
26,14
26,17
26,18
26,19
27,5
27,9
27,10
27,14
27,15
27,16
28,5
28,7
28,8
29,5
29,6
30,10
31,9
31,10
31,44
31,45
31,46
31,48
31,49
31,50
32,10
32,43
32,50
33,5
33,6
33,7
33,10
33,42
33,50
34,9
34,41
34,50
35,8
35,40
35,50
36,7
36,33
36,34
36,35
36,36
36,37
36,38
36,39
36,50
37,6
37,32
37,39
37,49
38,31
38,39
38,48
39,39
39,47
40,29
40,39
40,46
41,28
41,39
41,40
41,41
41,42
41,43
41,44
41,45
42,28
42,38
42,45
43,28
43,37
43,45
44,28
44,36
44,45
45,28
45,35
45,45
46,28
46,29
46,30
46,31
46,32
46,33
46,34
46,45
47,34
47,44
48,34
48,43
49,34
49,42
50,34
50,41
51,34
51,35
51,36
51,37
51,39
51,40
59,63
60,62
60,63
61,61
61,62
61,63
62,60
62,61
62,62
62,63
63,59
63,60
63,61
63,62
63,63

600
9;0,0;0,-1;-1,-1;-2,0;-2,-1;-1,-2;0,-2;1,-2;2,-2
3;0,0;0,1;-1,1
7;0,0;-1,1;-1,2;-1,0;-2,2;0,1;1,0
3;0,0;-1,0;0,-1
8;0,0;0,-1;-1,0;-2,0;-2,1;-3,1;-4,1;-4,2
4;0,0;-1,1;-2,1;0,1
12;0,0;-1,0;-1,1;-2,1;-2,2;-3,3;-3,4;-2,4;-2,5;-3,6;-3,7;-2,6
4;0,0;0,-1;0,-2;-1,-1
10;0,0;-1,1;-2,2;-1,0;0,-1;-1,-1;-2,-1;-3,0;-2,0;0,1
5;0,0;-1,1;-2,1;-3,2;-4,2
10;0,0;-1,0;0,-1;0,-2;1,-2;1,-1;1,0;-1,1;-2,1;-3,2
5;0,0;0,1;0,2;0,3;-1,3
8;0,0;-1,1;1,0;1,1;0,1;1,-1;0,-1;-1,0
6;0,0;-1,0;-2,1;-3,1;-2,2;-3,2
9;0,0;0,-1;-1,-1;-1,1;0,1;1,-1;1,0;0,2;-1,2
6;0,0;-1,1;0,1;1,0;2,0;1,1
8;0,0;-1,0;-1,-1;-2,0;-2,-1;-2,-2;0,1;1,1
7;0,0;0,-1;-1,0;-1,-1;-2,-1;-3,0;-3,1
2;0,0;0,1
7;0,0;-1,1;0,1;-1,0;0,-1;-2,0;-2,-1
2;0,0;-1,0
8;0,0;0,1;1,0;2,0;2,1;2,2;1,2;1,1
3;0,0;-1,1;-2,2
7;0,0;-1,0;-2,0;-3,1;-2,1;-2,-1;-1,-1
4;0,0;0,-1;1,-1;2,-2
8;0,0;-1,1;-1,0;-2,1;-3,2;-3,3;-4,3;-4,4
3;0,0;1,-1;1,0
6;0,0;-1,0;0,-1;-1,-1;1,-1;2,-2
3;0,0;0,1;1,1
9;0,0;-1,1;-2,1;0,1;0,2;-2,2;-3,2;-3,3;-4,3
5;0,0;-1,0;-1,1;-2,1;-2,2
8;0,0;0,1;1,0;2,-1;3,-1;1,-1;4,-2;4,-3
4;0,0;-1,1;-1,2;-1,3
7;0,0;-1,0;0,-1;-1,-1;-2,0;0,-2;-2,1
5;0,0;-1,0;-1,-1;-2,-1;-2,0
9;0,0;0,1;0,2;-1,1;-1,0;0,-1;0,-2;-1,-1;1,-3
6;0,0;1,-1;2,-2;3,-2;3,-3;4,-3
8;0,0;-1,0;0,-1;-1,1;-2,2;-1,2;-1,3;0,3
7;0,0;0,1;-1,1;0,2;1,1;1,2;2,1
16;0,0;-1,1;-1,2;0,1;1,1;2,1;2,0;2,-1;3,-1;4,-1;5,-1;4,0;5,0;5,1;5,2;4,3
8;0,0;-1,0;-1,-1;-2,0;-2,1;-2,2;-3,2;-4,3
2;0,0;0,1
9;0,0;-1,1;0,1;0,-1;-1,-1;0,-2;-1,-2;0,-3;1,-3
3;0,0;1,-1;0,-1
7;0,0;-1,0;-1,1;-2,1;0,1;1,1;1,2
3;0,0;0,1;1,0
8;0,0;1,-1;-1,0;-2,1;0,-1;1,0;1,1;2,1
4;0,0;-1,0;-2,0;-3,1
10;0,0;0,1;0,2;1,1;0,3;0,4;-1,4;-2,5;-3,6;-3,5
4;0,0;-1,1;-1,0;-2,1
7;0,0;-1,0;-2,1;-2,2;-1,1;-3,2;-2,0
5;0,0;1,0;2,-1;2,-2;1,-2
9;0,0;0,1;-1,1;1,0;-1,0;-2,0;-3,0;-3,1;-4,1
3;0,0;1,-1;1,0
11;0,0;-1,0;-1,-1;-2,0;-3,1;0,-1;0,-2;1,-2;1,-3;1,-4;2,-4
6;0,0;0,1;-1,2;1,1;2,1;3,0
11;0,0;1,-1;0,-1;-1,0;-2,1;-2,0;-2,-1;-1,-1;0,-2;1,-2;2,-2
5;0,0;-1,0;0,-1;-1,-1;0,-2
11;0,0;0,1;1,0;2,0;-1,1;-2,1;-1,0;-1,-1;-2,0;-2,-1;-3,-1
7;0,0;0,1;-1,2;-1,1;-2,1;-2,2;-3,2
10;0,0;1,-1;2,-2;1,-2;2,-3;3,-4;3,-2;2,-1;0,-1;0,1
8;0,0;1,0;2,0;3,0;4,0;3,-1;4,-2;5,-3
10;0,0;0,1;1,-1;0,-1;0,-2;0,-3;1,-3;1,-2;-1,-2;-1,-3
7;0,0;1,-1;1,-2;0,-1;1,0;0,1;1,1
2;0,0;-1,0
7;0,0;0,1;1,0;1,1;2,-1;3,-2;3,-1
3;0,0;1,-1;2,-1
9;0,0;-1,0;-1,-1;-2,0;-2,1;-1,1;0,1;0,2;1,1
3;0,0;1,0;1,1
8;0,0;0,-1;1,-2;0,-2;-1,-1;-2,-1;-1,-2;-3,0
4;0,0;1,-1;2,-1;1,0
8;0,0;1,0;1,-1;2,-1;0,-1;-1,-1;1,-2;2,-3
5;0,0;0,1;0,2;-1,3;-2,4
6;0,0;1,-1;0,-1;-1,-1;0,-2;1,-2
5;0,0;1,0;2,-1;2,0;3,-1
10;0,0;0,1;1,1;1,0;0,-1;0,-2;-1,-2;-1,-1;-1,0;-1,1
5;0,0;0,-1;-1,-1;1,-2;2,-3
8;0,0;1,-1;1,0;2,0;1,1;0,2;1,2;0,3
6;0,0;1,0;2,-1;0,1;0,2;1,1
9;0,0;0,-1;-1,0;-2,1;-1,1;0,1;1,1;2,0;2,1
6;0,0;1,-1;0,-1;1,-2;-1,-1;-1,0
12;0,0;1,0;1,1;1,2;0,2;0,3;-1,3;-2,3;-3,3;-2,2;-1,2;0,1
5;0,0;0,1;0,-1;1,-2;-1,0
10;0,0;1,-1;2,-2;2,-1;1,-2;0,-1;1,0;3,-3;4,-4;3,-4
6;0,0;-1,1;0,1;1,-1;1,-2;0,-1
2;0,0;1,0
7;0,0;0,-1;1,-1;0,1;1,1;0,2;0,3
2;0,0;1,-1
8;0,0;1,0;0,1;-1,1;-1,0;0,-1;1,-2;1,-3
3;0,0;0,-1;-1,-1
7;0,0;1,-1;2,-1;2,0;3,-1;1,0;0,1
4;0,0;1,0;1,-1;0,-1
9;0,0;0,1;-1,2;0,2;1,1;2,0;-1,1;-2,1;-3,2
4;0,0;0,-1;1,-2;0,-2
9;0,0;-1,1;-2,1;-3,2;-4,3;-4,2;-5,2;-4,1;-4,0
5;0,0;1,0;1,1;2,0;3,0
9;0,0;0,-1;0,-2;-1,-1;-2,0;-1,0;-2,1;-1,1;-2,2
5;0,0;1,-1;0,-1;-1,-1;-1,0
4;0,0;1,0;1,1;0,2
10;0,0;0,-1;1,-2;2,-3;2,-4;3,-4;4,-5;5,-5;5,-6;6,-5
4;0,0;1,-1;2,-1;2,0
5;0,0;1,0;0,-1;1,-1;0,1
4;0,0;0,-1;0,1;-1,2
11;0,0;0,1;1,1;2,0;2,1;3,1;4,1;4,2;5,2;5,1;6,1
6;0,0;1,-1;1,-2;2,-1;2,0;3,-1
11;0,0;1,-1;1,0;2,-1;2,-2;2,-3;2,-4;1,-4;1,-5;1,-6;0,-5
6;0,0;1,0;2,-1;3,-1;1,-1;2,0
2;0,0;0,-1
7;0,0;1,-1;0,-1;-1,-1;-2,-1;0,-2;-1,-2
3;0,0;1,0;1,1
9;0,0;0,1;1,0;2,-1;3,-1;4,-2;4,-3;5,-3;5,-2
2;0,0;1,-1
8;0,0;1,0;2,0;2,-1;3,-1;3,0;4,0;2,1
3;0,0;1,0;0,1
9;0,0;0,-1;-1,0;-2,0;-3,0;-3,-1;-4,-1;-3,-2;-2,-3
5;0,0;1,-1;2,-2;3,-2;4,-3
11;0,0;1,0;0,1;1,1;-1,2;0,2;0,3;-1,3;-2,3;-3,4;-2,4
5;0,0;0,-1;-1,-1;0,-2;1,-3
7;0,0;1,-1;1,0;0,1;1,1;2,0;1,-2
5;0,0;1,0;1,-1;2,-2;2,-1
12;0,0;0,1;-1,2;-1,3;0,3;0,4;-1,4;-1,5;-2,6;-3,7;-4,7;-2,7
6;0,0;1,-1;0,-1;0,-2;-1,-1;1,-2
11;0,0;-1,1;-2,1;-2,2;-3,2;-4,3;-3,3;-3,4;-2,4;-2,3;-1,3
4;0,0;1,0;1,1;0,1
13;0,0;0,-1;0,-2;1,-2;1,-3;1,-4;1,-5;2,-5;3,-5;4,-6;3,-6;4,-7;2,-6
4;0,0;1,-1;2,-2;1,-2
8;0,0;1,0;1,-1;2,-1;2,0;3,-1;3,0;1,1
9;0,0;0,-1;1,-1;1,0;0,1;1,1;2,0;3,0;4,0
2;0,0;1,-1
7;0,0;1,0;0,1;0,2;-1,3;-1,2;1,2
2;0,0;-1,0
10;0,0;0,-1;1,-1;2,-1;3,-2;3,-1;2,0;1,0;1,1;1,2
3;0,0;-1,1;-1,2
7;0,0;1,0;1,-1;0,-1;0,-2;1,-2;2,-3
3;0,0;0,-1;-1,0
10;0,0;-1,1;-2,1;-2,0;-3,1;-4,2;-3,2;-5,2;-6,3;-7,3
4;0,0;1,0;2,0;2,1
8;0,0;0,-1;0,-2;0,-3;-1,-2;1,-2;-2,-1;-3,-1
3;0,0;0,-1;1,0
7;0,0;-1,1;-1,0;0,-1;0,1;-1,2;-2,3
4;0,0;-1,0;1,0;1,-1
10;0,0;0,-1;-1,-1;0,-2;1,-3;2,-3;1,-2;1,-4;0,-4;0,-3
6;0,0;-1,1;-1,2;-2,3;-3,3;-3,4
9;0,0;1,0;0,1;-1,1;-1,0;2,0;1,1;1,2;2,1
5;0,0;0,-1;1,-2;1,-1;2,-1
11;0,0;-1,1;0,1;0,2;-1,3;-2,4;-1,2;-2,2;-3,2;-4,3;-3,3
6;0,0;1,0;1,-1;0,-1;2,-1;2,-2
12;0,0;-1,0;-1,1;0,1;1,0;1,-1;1,1;2,-2;3,-3;4,-4;4,-3;4,-2
7;0,0;0,-1;1,-2;0,-2;-1,-2;0,-3;1,-3
15;0,0;-1,1;0,1;-1,2;1,1;2,0;2,1;3,0;4,-1;4,-2;5,-2;5,-1;6,-2;7,-3;6,-3
8;0,0;-1,0;-2,0;-1,-1;-2,-1;-3,1;-2,1;-2,2
2;0,0;0,-1
9;0,0;-1,1;-1,0;-1,-1;0,-1;-2,-1;-3,-1;-2,-2;-2,-3
2;0,0;1,0
6;0,0;0,-1;1,-1;-1,1;-2,1;-1,0
3;0,0;0,1;-1,1
6;0,0;-1,1;-1,2;0,2;0,1;1,0
4;0,0;-1,0;0,-1;1,-2
9;0,0;0,-1;-1,0;-2,1;-3,1;-3,2;-2,2;-1,2;-1,1
4;0,0;-1,1;-2,1;-2,0
11;0,0;-1,0;-1,1;-1,2;0,2;1,2;1,3;2,3;2,4;2,5;1,6
5;0,0;0,-1;0,-2;0,-3;-1,-2
10;0,0;-1,1;-2,2;-1,2;0,2;1,1;0,1;-3,3;-3,2;-4,4
6;0,0;-1,1;-2,2;-3,2;-2,1;-3,1
13;0,0;-1,0;-2,0;-3,0;-4,0;-5,1;-5,2;-6,1;-7,2;-8,2;-7,1;-6,0;-6,-1
5;0,0;0,1;0,2;-1,3;1,2
12;0,0;-1,1;-1,0;0,-1;-1,-1;-1,-2;0,-2;1,-2;2,-2;2,-3;2,-4;1,-3
5;0,0;-1,0;-2,1;-2,2;-3,3
10;0,0;0,-1;-1,-1;-1,-2;0,-2;1,-2;2,-3;2,-4;2,-5;1,-3
8;0,0;-1,1;0,1;0,2;-1,3;-1,4;-1,5;-2,6
2;0,0;-1,0
6;0,0;0,1;0,2;-1,3;-1,2;-1,1
3;0,0;-1,1;-1,0
10;0,0;-1,0;-2,1;-1,1;-2,2;-2,3;-1,3;-1,4;-2,4;-3,4
4;0,0;0,-1;1,-2;1,-1
7;0,0;0,1;1,1;1,0;-1,0;-1,1;-2,1
4;0,0;1,-1;1,-2;2,-2
8;0,0;-1,0;-1,1;-2,1;-2,0;-2,2;-1,2;-2,3
5;0,0;0,1;1,0;2,0;3,-1
5;0,0;-1,0;-2,0;-2,-1;-3,-1
3;0,0;0,1;0,2
8;0,0;1,-1;2,-2;0,-1;1,0;-1,1;-1,2;-2,3
4;0,0;-1,0;-2,1;-2,0
8;0,0;0,1;-1,1;-1,2;0,2;1,1;2,1;2,0
3;0,0;-1,1;0,1
10;0,0;1,-1;1,0;2,0;3,0;3,1;4,0;5,0;5,-1;6,-1
5;0,0;1,0;2,-1;3,-1;3,-2
10;0,0;0,1;-1,2;-2,2;-3,2;-3,1;-2,1;-3,0;-2,0;-2,-1
6;0,0;1,-1;0,-1;-1,0;-1,-1;-2,0
10;0,0;-1,0;-1,1;1,-1;1,0;0,1;0,2;1,2;0,3;0,4
3;0,0;0,1;0,2
9;0,0;1,-1;0,-1;0,-2;-1,-1;-2,0;-3,1;-4,2;-3,2
6;0,0;-1,0;-2,0;-2,1;-2,2;-1,2
8;0,0;1,0;2,0;2,-1;1,-1;0,-1;1,-2;2,-3
5;0,0;0,1;1,0;1,-1;2,-2
10;0,0;1,-1;-1,0;-2,0;-2,1;-3,0;-3,-1;-2,-2;-2,-3;-1,-3
6;0,0;1,0;0,1;1,-1;2,0;3,0
4;0,0;1,0;1,1;2,0
7;0,0;0,1;1,0;2,0;1,1;-1,2;-1,1
3;0,0;1,-1;1,0
8;0,0;-1,0;-2,0;-3,0;-2,-1;-1,-1;-1,-2;-4,1
7;0,0;0,1;0,2;-1,3;-2,3;-1,2;-1,1
9;0,0;1,-1;1,-2;2,-3;3,-4;2,-4;3,-5;4,-5;5,-6
6;0,0;1,-1;-1,1;0,1;0,2;1,2
13;0,0;1,0;0,-1;-1,0;-2,1;-1,1;0,1;1,1;2,1;3,0;3,1;3,2;2,3
7;0,0;0,-1;1,-1;1,0;2,0;1,1;2,1
11;0,0;1,-1;1,-2;0,-2;-1,-1;-1,-2;-1,-3;0,-3;1,-3;2,-4;1,-4
8;0,0;1,0;2,-1;3,-1;4,-1;3,0;2,0;4,0
2;0,0;0,1
8;0,0;1,-1;0,-1;1,-2;0,-2;1,-3;-1,-2;-1,-1
2;0,0;1,0
5;0,0;0,1;1,-1;0,-1;-1,0
3;0,0;0,-1;-1,0
9;0,0;1,-1;2,-2;2,-3;3,-3;3,-4;2,-4;3,-5;4,-6
4;0,0;1,0;2,0;3,0
8;0,0;0,-1;0,-2;-1,-2;-1,-1;-1,0;-2,0;-2,1
4;0,0;1,-1;1,0;2,0
9;0,0;1,0;0,1;0,-1;1,-2;1,-1;0,-2;-1,-2;-2,-2
4;0,0;0,1;-1,1;-2,2
9;0,0;1,-1;2,-1;1,0;0,1;0,2;1,1;1,2;1,3
5;0,0;-1,1;-1,0;-1,-1;-2,0
8;0,0;1,0;0,1;0,2;1,2;1,3;0,4;1,4
6;0,0;0,-1;1,-2;0,-2;-1,-1;-1,0
12;0,0;1,-1;2,-1;3,-1;4,-1;3,0;3,-2;4,-2;5,-3;5,-4;5,-5;6,-6
5;0,0;1,0;-1,0;0,-1;-1,-1
10;0,0;0,-1;-1,1;-2,1;-2,0;-1,0;-2,-1;-1,-1;-3,1;-4,2
6;0,0;1,-1;2,-2;3,-3;4,-4;3,-4
10;0,0;1,0;2,-1;2,0;3,-1;3,0;3,-2;4,-2;4,-1;4,0
7;0,0;1,0;2,0;2,1;1,2;2,2;3,2
11;0,0;0,-1;0,-2;0,-3;1,-3;-1,-3;-1,-4;0,-5;-2,-3;-3,-3;-2,-4
9;0,0;-1,1;-1,2;0,2;-1,3;-1,4;-2,4;-3,4;-3,5
2;0,0;1,0
9;0,0;0,-1;1,-1;2,-1;3,-2;2,-2;3,-3;2,-3;3,-4
3;0,0;1,-1;0,-1
7;0,0;1,0;1,1;0,2;1,2;2,2;3,1
3;0,0;0,-1;1,-2
7;0,0;1,-1;0,1;-1,2;-1,1;-1,0;-2,0
4;0,0;-1,1;-2,1;-2,0
11;0,0;1,0;-1,0;-2,1;-2,2;-2,3;-1,3;-1,4;0,4;0,3;1,3
4;0,0;0,-1;1,0;2,0
10;0,0;-1,1;-1,0;0,-1;-1,-1;-2,0;-3,0;-4,1;-4,2;-5,2
5;0,0;1,0;0,1;-1,2;-2,2
12;0,0;0,-1;-1,-1;0,-2;1,-3;0,-3;0,-4;-1,-3;-2,-2;-3,-1;-4,-1;-4,-2
6;0,0;1,-1;1,0;1,1;0,1;-1,1
9;0,0;1,0;1,-1;1,-2;0,-1;0,-2;-1,1;-2,1;-3,1
6;0,0;-1,0;-2,1;-2,2;-1,2;-2,3
11;0,0;0,-1;-1,-1;-2,-1;-3,0;-3,1;-3,-1;-3,-2;-2,-2;-2,-3;-3,-3
7;0,0;-1,1;0,1;1,1;2,1;3,0;3,1
10;0,0;1,0;1,1;2,1;3,0;2,0;2,-1;1,-1;2,-2;3,-2
5;0,0;0,-1;0,-2;1,-3;0,-3
11;0,0;-1,1;-2,2;-3,3;-4,4;-4,3;-5,4;-2,3;-3,2;-3,1;-3,0
7;0,0;1,0;0,-1;-1,-1;-2,-1;-2,0;-1,0
9;0,0;0,-1;1,-1;1,0;0,1;0,2;-1,2;-1,1;2,0
6;0,0;0,-1;0,-2;0,-3;1,-3;1,-2
2;0,0;-1,1
8;0,0;-1,0;0,-1;-1,-1;0,-2;0,-3;1,-3;1,-4
3;0,0;0,-1;1,-1
11;0,0;-1,1;-1,0;-2,1;-3,1;-3,2;-2,2;-1,2;-1,3;-2,3;-3,4
3;0,0;1,0;1,-1
10;0,0;0,-1;-1,0;-1,1;-2,1;-3,1;-2,0;-3,0;-4,1;-4,2
4;0,0;-1,1;-2,1;-2,0
10;0,0;1,0;2,0;2,1;3,1;2,2;1,2;1,3;0,2;-1,3
5;0,0;-1,0;-1,-1;-2,-1;-3,0
9;0,0;0,-1;1,0;2,0;2,-1;-1,0;-1,-1;-1,-2;0,-3
4;0,0;-1,1;1,-1;2,-2
8;0,0;-1,0;-1,1;-2,1;-2,2;-2,0;-3,1;-2,-1
6;0,0;0,-1;-1,-1;0,-2;1,-3;2,-4
12;0,0;-1,1;-1,2;-2,1;-3,1;-4,2;-4,3;-3,2;-3,3;-3,4;-3,5;-4,6
7;0,0;1,0;2,-1;2,0;1,1;1,2;2,1
9;0,0;0,-1;1,-2;1,-3;2,-3;1,-1;2,-2;3,-2;4,-2
7;0,0;0,1;1,1;2,1;1,2;0,2;0,3
11;0,0;-1,1;-1,0;-2,0;-2,1;-2,2;-1,2;-2,3;-3,3;-3,2;-2,-1
5;0,0;-1,0;-1,1;-2,2;-3,3
15;0,0;0,-1;1,-2;2,-3;1,-3;0,-3;-1,-2;-1,-3;-2,-1;-3,0;-4,1;-4,0;-5,1;-6,2;-5,2
8;0,0;-1,1;-2,2;-3,3;-2,1;-2,0;-1,0;0,-1
2;0,0;-1,0
5;0,0;0,-1;-1,0;-1,1;0,1
2;0,0;-1,1
9;0,0;-1,1;-2,2;-3,2;-4,3;-5,3;-5,2;-4,2;-3,3
2;0,0;-1,0
9;0,0;0,1;-1,1;1,-1;-1,0;-2,0;-3,1;-2,1;-2,2
4;0,0;-1,1;-1,2;-2,3
9;0,0;-1,0;0,-1;1,-2;2,-3;2,-4;1,-3;0,-3;1,-4
4;0,0;0,-1;-1,0;-1,1
10;0,0;-1,1;-2,1;-2,0;-3,1;-3,2;-4,2;-5,3;-6,3;-6,4
5;0,0;-1,0;-1,1;-1,2;-1,3
11;0,0;0,-1;0,-2;1,-2;-1,-1;-2,0;-3,0;-3,-1;-4,-1;-3,-2;-2,-2
6;0,0;0,1;-1,2;-2,2;-2,3;-2,4
10;0,0;-1,1;-1,2;0,2;-1,3;-2,3;-3,4;-3,3;-4,4;-4,5
6;0,0;-1,0;-2,0;-1,-1;-1,-2;-2,-2
9;0,0;0,1;0,2;-1,3;0,3;1,2;1,1;1,3;0,4
6;0,0;-1,1;-1,0;-1,-1;-1,-2;-2,-1
10;0,0;-1,0;-2,1;-2,2;-3,3;-4,3;-4,4;-3,2;-5,3;-5,2
6;0,0;0,-1;-1,-1;-1,-2;0,-2;0,-3
12;0,0;-1,1;0,1;1,1;0,2;1,2;0,3;-1,2;-2,2;0,-1;-1,0;-2,0
7;0,0;1,-1;1,-2;0,-2;0,-1;-1,1;-2,2
13;0,0;-1,0;-2,1;0,-1;1,-2;1,-3;1,-4;2,-5;1,-5;0,-4;0,-3;0,-2;2,-3
7;0,0;0,1;1,0;-1,0;-1,-1;-2,0;-2,1
2;0,0;-1,1
10;0,0;1,-1;2,-2;2,-1;3,-3;3,-2;3,-1;4,-2;4,-3;5,-4
8;0,0;-1,0;-2,1;-2,0;-1,-1;-2,-1;-3,-1;-2,-2
12;0,0;0,1;-1,1;0,2;0,3;1,3;1,4;2,3;3,3;2,4;3,4;3,5
8;0,0;1,-1;1,0;-1,1;-2,2;-3,3;-4,4;-4,5
11;0,0;-1,0;-1,-1;0,-1;-1,-2;0,-2;-2,0;-2,1;-2,2;-1,2;0,2
5;0,0;1,0;2,-1;3,-2;2,-2
2;0,0;0,1
10;0,0;1,-1;0,-1;1,-2;2,-3;2,-2;3,-3;4,-4;5,-5;5,-6
3;0,0;1,0;1,1
8;0,0;0,1;1,0;1,-1;2,-2;1,-2;2,-1;2,-3
2;0,0;1,-1
9;0,0;-1,0;-2,0;-2,1;-3,2;-4,2;-5,2;-5,3;-4,3
3;0,0;0,1;1,1
9;0,0;1,-1;1,-2;0,-1;-1,0;-1,1;-2,1;-3,1;-4,1
3;0,0;1,-1;1,-2
8;0,0;1,0;0,1;-1,2;-1,1;1,1;0,2;-2,2
5;0,0;0,1;-1,1;-1,0;-1,-1
10;0,0;1,-1;1,0;1,1;2,0;3,0;4,-1;3,-1;2,-1;2,-2
5;0,0;1,0;1,-1;0,-1;0,1
11;0,0;0,1;-1,2;-2,2;-3,3;0,2;1,0;1,1;2,0;3,-1;2,-1
5;0,0;1,-1;0,-1;1,0;-1,0
13;0,0;-1,0;1,-1;0,1;-1,2;-2,2;-1,1;-2,1;-2,0;-3,0;-3,-1;-3,-2;-2,-3
6;0,0;1,0;1,-1;0,-1;-1,0;-1,1
5;0,0;-1,1;-2,2;-2,1;-3,1
10;0,0;1,0;0,1;1,-1;1,-2;0,-2;0,-3;1,-4;1,-3;2,-3
4;0,0;0,-1;1,0;2,0
3;0,0;-1,0;-2,0
10;0,0;1,0;2,0;3,-1;3,0;2,1;2,2;3,2;2,3;3,1
5;0,0;0,-1;0,-2;-1,-1;-2,0
8;0,0;1,-1;0,-1;0,-2;0,-3;1,-4;0,-4;0,-5
5;0,0;1,0;2,-1;2,0;3,-1
11;0,0;0,1;-1,1;-1,2;0,2;1,2;0,3;-1,4;0,4;-1,5;0,5
4;0,0;1,-1;1,0;1,-2
10;0,0;1,0;1,-1;2,-1;2,0;1,1;0,1;0,2;1,2;2,1
6;0,0;0,1;-1,2;-2,2;0,2;-1,3
7;0,0;0,-1;-1,-1;-2,0;-2,1;-1,0;-2,-1
6;0,0;1,-1;2,-1;3,-2;4,-2;3,-3
10;0,0;1,0;1,-1;2,0;3,0;3,-1;3,1;3,2;2,2;1,3
5;0,0;0,-1;-1,-1;-2,0;0,-2
11;0,0;1,-1;2,-2;2,-1;1,-2;2,-3;1,-3;2,-4;3,-4;4,-4;3,-3
6;0,0;1,0;2,0;0,-1;-1,1;-1,2
2;0,0;0,1
8;0,0;1,-1;1,-2;2,-2;3,-2;4,-2;4,-3;4,-4
2;0,0;1,0
7;0,0;1,0;2,-1;2,0;3,-1;3,0;2,1
3;0,0;0,-1;1,-1
6;0,0;1,-1;1,-2;0,-1;-1,0;-1,-1
3;0,0;1,0;1,1
10;0,0;0,-1;1,-2;2,-2;1,-3;2,-4;3,-5;3,-6;3,-7;4,-8
3;0,0;1,-1;2,-1
11;0,0;1,0;1,-1;2,-1;3,-1;4,-1;5,-1;5,0;6,-1;6,-2;6,-3
5;0,0;0,1;0,2;-1,3;-1,4
6;0,0;0,-1;1,-1;2,-1;1,0;0,1
5;0,0;-1,1;0,1;0,2;1,2
11;0,0;1,0;2,0;2,-1;1,-1;2,-2;2,-3;3,-3;4,-3;4,-2;3,-2
5;0,0;0,-1;-1,-1;-1,0;-2,-1
11;0,0;-1,1;-1,2;-2,2;-3,2;-3,3;-2,3;-3,1;-2,0;-3,0;-2,-1
5;0,0;1,0;2,-1;3,-1;3,-2
13;0,0;0,-1;-1,0;1,-1;0,-2;-1,-2;-1,-3;-1,-4;0,-5;0,-6;0,-7;1,-7;2,-8
5;0,0;1,-1;0,-1;-1,0;-1,1
15;0,0;-1,1;-1,2;-2,3;-1,3;-2,4;-1,4;0,4;1,3;2,2;2,3;3,3;4,3;4,2;5,2
6;0,0;-1,0;-1,-1;-1,-2;0,-1;1,-2
12;0,0;0,-1;1,-2;1,-1;0,-2;-1,-1;-2,-1;-3,-1;-3,-2;-4,-1;-3,-3;-3,-4
8;0,0;-1,1;-2,2;-2,1;-2,0;-3,0;-3,1;-4,2
2;0,0;1,0
8;0,0;0,-1;-1,0;-1,-1;-2,0;-3,0;-2,-1;-1,-2
2;0,0;-1,1
6;0,0;1,0;0,1;1,1;1,-1;-1,0
3;0,0;0,-1;-1,-1
11;0,0;0,-1;1,-1;1,0;1,1;2,1;3,1;4,0;4,1;4,2;3,3
10;0,0;-1,0;-2,1;-2,0;-3,1;-3,2;-4,2;-4,3;-5,2;-5,4
7;0,0;0,1;1,0;1,1;0,-1;1,-2;2,-2
2;0,0;-1,1
6;0,0;-1,0;-2,0;-3,0;-4,1;-3,1
2;0,0;0,-1
6;0,0;-1,1;1,-1;2,-1;1,0;0,1
3;0,0;-1,0;-2,1
9;0,0;0,-1;-1,-1;0,-2;1,-2;2,-3;3,-3;4,-4;5,-5
3;0,0;-1,1;-1,0
10;0,0;-1,1;-1,2;-2,1;-2,2;-3,3;-4,4;-5,4;-4,3;-4,2
5;0,0;-1,0;0,-1;1,-1;1,-2
11;0,0;0,1;1,1;-1,1;-2,1;-3,1;-2,0;-2,-1;-3,-1;-3,0;-4,1
4;0,0;-1,1;-2,1;-1,0
2;0,0;-1,1
7;0,0;-1,0;0,1;1,0;1,1;2,0;1,2
3;0,0;0,-1;0,-2
9;0,0;-1,1;-1,2;0,2;1,1;0,1;1,2;2,1;3,0
4;0,0;-1,0;0,-1;1,-1
10;0,0;0,-1;-1,0;-2,0;-3,1;-4,2;-5,3;-4,3;-3,2;-2,1
4;0,0;0,1;1,1;0,2
8;0,0;-1,1;-1,0;0,-1;0,-2;-1,-2;-2,-2;-3,-2
5;0,0;-1,0;-1,1;-1,2;0,2
11;0,0;0,1;1,0;1,-1;2,-2;2,-1;3,-1;2,-3;3,-3;3,-2;4,-2
5;0,0;-1,1;0,1;0,2;-1,2
13;0,0;-1,0;-2,0;-3,0;-2,-1;-3,-1;-3,-2;-2,-2;-2,-3;-1,-4;0,-5;-1,-5;-2,-4
4;0,0;0,-1;1,0;0,1
9;0,0;-1,1;1,-1;-2,1;-3,1;-4,2;-3,0;-3,-1;-2,-1
4;0,0;1,-1;2,-1;2,-2
14;0,0;-1,0;-2,0;-3,1;-4,2;-4,3;-5,4;-4,4;-3,4;-4,5;-5,6;-6,6;-7,6;-8,6
5;0,0;0,1;-1,1;-1,0;-1,2
11;0,0;-1,1;-1,0;1,-1;1,0;2,0;2,1;1,1;1,2;1,3;2,2
7;0,0;-1,0;-2,1;-3,1;-3,2;-4,2;-5,3
8;0,0;0,-1;-1,-1;-2,0;-3,1;-3,0;-3,-1;-2,-1
7;0,0;-1,1;0,1;1,0;1,1;0,2;-1,2
13;0,0;-1,0;-1,-1;-2,0;-3,1;-2,1;-1,1;0,1;1,0;1,-1;1,-2;2,-2;2,-1
6;0,0;0,-1;0,-2;0,-3;-1,-3;0,-4
14;0,0;0,1;-1,2;-1,3;0,2;1,1;2,0;2,1;2,2;2,3;2,4;1,5;2,5;3,2
5;0,0;-1,1;-2,1;-1,0;0,1
2;0,0;-1,0
7;0,0;0,1;1,0;1,1;2,0;3,0;3,1
2;0,0;-1,1
9;0,0;-1,0;0,-1;-1,1;-2,2;-3,3;-4,3;-4,4;-5,5
3;0,0;0,-1;1,-1
7;0,0;-1,1;-1,0;-1,-1;0,-1;1,-1;-1,2
3;0,0;1,-1;1,0
10;0,0;-1,0;0,-1;1,-1;1,-2;2,-2;3,-3;2,-3;3,-4;2,-4
3;0,0;0,1;-1,1
9;0,0;-1,1;0,1;-1,2;0,2;-2,2;-2,1;-1,0;-1,-1
5;0,0;-1,0;-1,-1;-2,0;-3,1
13;0,0;0,1;0,2;1,1;1,2;1,3;2,2;3,2;3,1;4,0;5,-1;6,-1;6,0
4;0,0;-1,1;-2,2;-3,2
12;0,0;-1,0;0,-1;0,-2;0,-3;0,-4;-1,-4;0,-5;1,-6;1,-5;0,-6;-1,-6
4;0,0;0,-1;-1,-1;-1,0
9;0,0;0,1;0,2;-1,2;-1,1;1,1;2,1;1,2;-2,2
7;0,0;1,-1;2,-2;3,-2;4,-3;4,-4;5,-5
11;0,0;-1,0;-2,1;-3,1;-3,2;-2,0;-2,-1;-1,-1;-1,-2;-2,-2;-3,0
7;0,0;0,1;1,1;2,0;2,1;2,2;1,3
10;0,0;-1,1;-1,0;-2,1;-2,2;-2,3;-1,3;-1,2;0,1;0,2
5;0,0;-1,0;-1,1;1,-1;2,-2
10;0,0;0,1;1,0;1,1;1,-1;2,-1;2,0;3,-1;3,-2;3,-3
7;0,0;-1,1;-2,2;-2,1;-1,0;-3,3;-2,3
2;0,0;1,-1
9;0,0;-1,0;-1,1;-2,1;-1,-1;0,-1;1,-1;1,0;0,1
2;0,0;0,1
6;0,0;1,-1;1,0;0,-1;1,-2;0,-2
3;0,0;-1,0;-2,0
8;0,0;0,1;1,1;1,2;0,3;2,2;3,2;4,2
3;0,0;-1,1;-1,2
7;0,0;-1,0;0,-1;1,-1;1,0;2,-1;0,1
5;0,0;1,0;0,1;-1,1;-1,0
6;0,0;0,1;-1,1;1,0;1,-1;0,-1
4;0,0;1,-1;1,0;0,-1
13;0,0;-1,0;-1,-1;-2,0;-3,1;-2,1;-3,2;-2,2;-3,3;-4,4;-4,3;-5,4;-5,3
4;0,0;0,1;-1,2;0,2
5;0,0;-1,1;-1,0;0,-1;0,-2
2;0,0;1,0
8;0,0;-1,0;0,-1;1,-1;1,0;1,-2;2,-2;2,-3
3;0,0;0,1;1,1
8;0,0;-1,1;-2,1;-1,0;0,1;0,2;1,1;2,1
4;0,0;-1,0;-1,1;-1,2
10;0,0;0,-1;1,-2;1,-3;1,-4;0,-3;-1,-2;-1,-3;-2,-2;-2,-3
4;0,0;-1,1;-2,2;-2,3
11;0,0;-1,0;-2,0;-3,0;-3,-1;-3,-2;-4,-2;-4,-1;-5,0;-5,-1;-4,-3
4;0,0;0,-1;-1,-1;1,-1
10;0,0;-1,1;-1,2;-2,2;-2,3;-2,4;-3,5;-3,4;-4,4;-4,3
4;0,0;-1,1;0,1;-1,2
9;0,0;-1,0;-2,1;-1,1;-2,2;-2,3;0,1;1,-1;2,-2
6;0,0;0,1;-1,1;-1,0;-2,0;-2,-1
9;0,0;-1,1;-1,2;-1,3;-2,3;0,2;1,1;0,1;1,0
6;0,0;-1,0;-1,-1;-1,-2;-2,-2;0,-3
9;0,0;0,-1;-1,0;0,-2;1,-3;1,-2;1,0;1,1;0,1
7;0,0;-1,1;-2,1;-3,1;-1,0;-2,0;-3,0
14;0,0;-1,0;1,0;1,1;1,2;0,2;0,3;1,3;1,4;1,5;0,5;-1,6;-1,5;0,6
7;0,0;-1,0;-1,-1;0,-2;1,-2;0,-1;-2,0
14;0,0;0,1;1,0;0,2;-1,2;-1,1;-1,0;-2,2;-3,2;-3,1;-3,0;-2,-1;-1,-2;-1,-3
8;0,0;-1,1;-2,2;-2,1;-3,1;-3,0;-3,-1;-2,-1
2;0,0;-1,0
8;0,0;0,1;1,1;1,2;0,2;0,3;-1,3;-1,4
3;0,0;-1,1;-1,0
11;0,0;-1,0;-2,1;-1,1;0,1;-1,2;-1,3;0,3;0,4;-1,5;0,5
3;0,0;0,-1;1,-2
7;0,0;0,1;1,1;0,2;1,2;2,1;-1,2
4;0,0;1,-1;1,-2;2,-3
10;0,0;-1,0;-1,1;-1,2;-2,2;-2,3;-2,4;-3,4;-4,4;-4,5
5;0,0;0,1;-1,2;-1,1;-1,0
13;0,0;-1,1;-2,1;-2,2;-3,2;-4,2;-5,2;-5,3;-6,3;-7,4;-7,5;-8,5;-8,4
4;0,0;-1,0;1,0;1,-1
9;0,0;0,1;-1,0;-1,1;0,-1;0,-2;1,-3;1,-2;-1,-1
6;0,0;-1,1;-1,2;-2,3;-2,4;-1,4
9;0,0;-1,0;-2,1;-2,0;-3,0;-4,1;-3,1;-4,0;-3,-1
4;0,0;-1,0;0,1;1,0
11;0,0;0,1;-1,0;-2,0;-2,-1;-3,0;-3,1;-4,1;-4,0;-5,1;-5,2
6;0,0;-1,1;-1,2;0,2;-1,3;0,3
7;0,0;-1,0;0,-1;-1,-1;-1,1;-2,0;-2,-1
6;0,0;0,1;-1,2;-2,3;-3,4;-3,3
8;0,0;-1,1;-2,1;-1,0;-2,0;-1,-1;-1,-2;0,-2
5;0,0;-1,0;-1,1;-2,2;-1,2
11;0,0;0,-1;0,-2;-1,-1;-2,0;-2,-1;-3,0;-4,1;-4,0;-3,1;-3,-1
6;0,0;-1,1;-2,2;-2,1;-1,0;-2,0
9;0,0;1,-1;0,-1;0,-2;1,-3;2,-4;3,-4;2,-3;1,-4
5;0,0;-1,0;-2,1;-3,2;-1,1
2;0,0;0,1
5;0,0;-1,1;1,-1;2,-1;0,-1
2;0,0;-1,0
8;0,0;0,1;-1,1;-1,2;-2,3;-1,3;0,3;-1,4
3;0,0;-1,1;0,1
8;0,0;-1,0;-1,-1;0,-1;-1,-2;-1,-3;0,-2;1,-3
4;0,0;-1,0;-2,1;-3,1
7;0,0;0,1;1,0;2,0;3,-1;1,1;0,2
3;0,0;1,-1;2,-1
11;0,0;-1,0;-1,-1;-2,0;-3,1;-3,0;-3,-1;-4,0;-5,1;-5,2;-5,3
4;0,0;0,1;1,-1;2,-1
11;0,0;-1,1;-2,2;-3,3;-4,4;-4,5;-5,5;-5,4;-6,4;-7,5;-6,5
6;0,0;-1,0;-2,0;-2,-1;-3,-1;-2,-2
8;0,0;0,1;1,1;1,2;2,1;1,3;2,2;1,4
5;0,0;0,1;-1,0;-2,0;-2,1
10;0,0;1,-1;-1,0;0,-1;-2,0;-2,-1;-3,0;-3,1;-2,1;-1,1
5;0,0;-1,0;0,-1;1,-1;2,-1
9;0,0;0,1;1,1;2,0;1,0;1,-1;2,-2;2,-3;3,-3
6;0,0;1,-1;0,-1;-1,0;-1,1;-2,0
9;0,0;-1,0;-1,1;-2,1;-2,0;0,1;1,0;2,0;1,1
7;0,0;0,1;-1,2;-1,3;-2,3;0,2;1,2
13;0,0;-1,1;0,-1;1,-2;2,-2;3,-3;4,-4;4,-5;3,-5;2,-5;2,-4;3,-4;4,-3
7;0,0;-1,0;1,0;0,1;0,2;1,2;2,2
2;0,0;1,0
7;0,0;0,1;0,2;-1,2;-2,2;-3,2;-3,3
2;0,0;1,-1
9;0,0;-1,0;1,-1;1,0;0,1;-1,2;0,2;-1,3;-2,3
3;0,0;0,1;-1,1
10;0,0;1,-1;1,0;1,-2;1,-3;1,-4;1,-5;2,-6;2,-7;3,-8
3;0,0;-1,0;-1,-1
7;0,0;0,1;1,0;0,-1;1,-1;1,-2;1,-3
4;0,0;0,1;1,1;2,1
10;0,0;1,-1;0,-1;-1,-1;-1,0;-2,0;-2,1;-2,2;-1,1;0,1
5;0,0;1,0;1,1;0,2;-1,3
10;0,0;0,1;1,0;0,2;-1,3;-2,3;-2,2;-3,3;-4,3;-3,2
5;0,0;1,-1;0,-1;-1,0;-2,0
10;0,0;-1,0;-2,0;-2,1;-2,-1;-3,2;-3,3;-2,2;-1,2;-1,1
4;0,0;0,1;0,2;1,0
12;0,0;1,-1;1,-2;2,-2;2,-3;2,-4;3,-4;3,-5;4,-5;4,-4;3,-3;3,-2
5;0,0;1,-1;-1,0;0,-1;1,-2
8;0,0;1,0;1,1;2,1;3,0;3,1;2,2;1,2
5;0,0;0,1;-1,1;-1,2;-2,1
15;0,0;1,-1;1,0;0,1;0,2;1,1;2,1;2,2;3,1;4,1;3,2;3,3;3,4;2,5;1,5
7;0,0;1,0;1,-1;1,-2;0,-1;-1,-1;-2,-1
12;0,0;0,1;-1,2;-1,1;-1,0;0,-1;1,-2;1,-1;2,-1;3,-2;2,-2;3,-3
6;0,0;1,-1;0,-1;0,1;-1,1;-1,2
2;0,0;1,0
9;0,0;0,1;1,0;2,-1;2,-2;1,-2;0,-2;1,-3;2,-3
3;0,0;0,-1;-1,0
8;0,0;1,-1;2,-2;0,1;-1,2;0,2;-1,3;-2,4
3;0,0;1,0;2,0
7;0,0;0,-1;0,1;-1,2;-2,2;-3,2;-4,3
4;0,0;1,-1;1,-2;1,-3
7;0,0;1,0;0,1;1,-1;1,1;2,0;2,1
5;0,0;0,1;1,0;2,0;2,-1
8;0,0;1,-1;2,-1;2,-2;2,0;1,0;0,1;1,1
5;0,0;-1,1;-1,0;-2,1;-2,2
11;0,0;1,0;1,1;2,0;2,-1;2,-2;3,-2;3,-3;2,-3;1,-3;2,-4
4;0,0;0,-1;1,-2;1,-1
8;0,0;1,-1;2,-1;2,-2;3,-3;4,-4;4,-5;4,-6
4;0,0;1,0;0,1;-1,1
14;0,0;0,-1;0,-2;0,-3;1,-4;2,-5;3,-5;3,-6;3,-7;4,-8;4,-7;5,-7;5,-8;5,-9
5;0,0;1,-1;1,0;0,-1;1,-2
8;0,0;1,0;2,-1;3,-1;4,-2;4,-1;5,-2;3,0
8;0,0;0,1;1,1;2,0;2,1;1,2;1,3;0,3
12;0,0;0,-1;0,-2;-1,-1;-2,0;-3,0;-2,-1;-1,-2;-2,-2;-3,-2;-3,-1;-4,0
6;0,0;-1,1;-1,2;0,1;0,2;1,0
2;0,0;1,0
6;0,0;0,-1;-1,0;-1,-1;-1,-2;-2,0
2;0,0;1,-1
6;0,0;1,0;1,1;0,1;-1,0;0,-1
3;0,0;0,-1;0,-2
9;0,0;1,-1;2,-2;3,-3;3,-2;2,-1;4,-2;4,-1;3,0
4;0,0;-1,1;0,1;1,0
9;0,0;1,0;-1,1;-1,2;-1,3;0,3;-1,4;-2,5;-2,4
2;0,0;0,-1
10;0,0;-1,1;0,1;0,-1;1,-2;2,-2;1,-1;2,-1;2,0;3,-1
4;0,0;1,0;0,1;1,-1
9;0,0;0,-1;-1,-1;0,-2;1,-2;1,-3;1,-4;0,-4;0,-3
3;0,0;1,-1;1,0
6;0,0;1,0;1,-1;0,1;0,2;-1,2
4;0,0;-1,0;-2,1;-3,1
6;0,0;0,-1;-1,0;0,1;-1,1;-2,1
7;0,0;-1,1;-2,1;-2,2;-3,3;-4,4;-3,4
9;0,0;1,0;1,1;1,-1;0,-1;1,-2;0,1;1,2;2,1
7;0,0;0,-1;0,-2;1,-2;2,-3;3,-4;4,-5
14;0,0;-1,1;-2,2;-3,2;-3,1;-2,1;-2,3;-1,3;-1,4;0,4;1,4;2,4;1,5;2,5
6;0,0;1,0;2,-1;2,0;2,1;1,1
10;0,0;0,-1;1,-1;2,-2;2,-1;3,-2;2,-3;3,-3;1,-3;0,-3
7;0,0;1,-1;1,-2;0,-1;-1,0;-2,0;-1,-1
2;0,0;-1,1
8;0,0;-1,0;0,-1;-1,1;-2,2;-2,1;-3,1;-2,0
2;0,0;0,-1
7;0,0;-1,1;0,1;1,1;2,1;2,2;3,1
3;0,0;1,0;1,-1
10;0,0;0,-1;-1,0;-2,0;-1,-1;-1,-2;-1,-3;-2,-3;-3,-2;-1,-4
2;0,0;-1,1
8;0,0;1,0;2,0;3,-1;3,0;4,0;1,-1;2,-1
5;0,0;-1,0;-1,-1;-2,0;-2,1
5;0,0;0,-1;-1,0;-1,-1;0,-2
3;0,0;-1,1;0,1
5;0,0;0,-1;1,0;2,0;3,-1
9;0,0;1,-1;2,-2;3,-3;3,-2;2,-1;2,-3;3,-4;4,-3
7;0,0;1,0;2,0;1,1;2,1;1,2;0,2
11;0,0;0,-1;1,-1;2,-2;2,-1;3,-1;4,-2;4,-1;3,-2;2,0;3,0
7;0,0;1,-1;1,-2;0,-1;0,-2;-1,-1;-2,-1
15;0,0;-1,1;-2,2;-2,1;-2,0;-1,-1;-1,-2;0,-3;1,-4;1,-5;0,-5;-1,-5;-1,-6;-1,-7;-2,-6
4;0,0;1,0;2,-1;3,-1
13;0,0;0,-1;1,-1;2,-1;2,-2;3,-1;4,-2;5,-2;5,-3;4,-3;5,-4;4,-4;4,-5
6;0,0;-1,1;-1,0;-2,0;0,-1;-1,-1