30
3
0

30
6;0,0;-1,0;-2,0;-1,-1;-2,-1;-2,-2
11;0,0;0,1;0,2;-1,3;-1,2;-1,1;-2,1;-3,2;-3,3;-2,2;-4,3
5;0,0;-1,1;-1,0;0,-1;-1,-1
7;0,0;-1,0;-2,1;-2,0;-2,-1;-1,-1;-1,-2
6;0,0;-1,0;-2,0;-2,1;-1,1;-3,1
9;0,0;0,1;1,1;0,2;0,3;-1,4;-1,3;0,4;-2,4
7;0,0;1,-1;1,-2;2,-2;3,-2;2,-1;4,-2
15;0,0;-1,0;-2,1;-3,1;-3,0;-4,0;-4,-1;-5,1;-5,0;-6,1;-7,1;-6,0;-7,0;-8,1;-8,0
6;0,0;0,1;1,0;-1,1;-1,0;-1,-1
2;0,0;-1,1
7;0,0;-1,0;-1,1;-2,1;1,0;2,-1;2,-2
2;0,0;0,1
7;0,0;-1,1;-2,2;-2,3;-1,3;0,2;0,3
3;0,0;1,-1;2,-2
8;0,0;-1,0;-1,1;-2,2;-1,2;0,2;1,1;1,2
3;0,0;0,1;1,0
8;0,0;1,-1;1,0;2,-1;1,-2;1,-3;2,-3;2,-2
3;0,0;-1,0;0,-1
10;0,0;0,1;1,1;2,0;1,0;3,0;3,-1;3,-2;2,-2;3,-3
5;0,0;-1,1;-2,1;-2,2;-2,3
8;0,0;-1,0;-1,1;1,-1;1,-2;0,-1;0,-2;1,-3
6;0,0;1,0;0,1;1,1;1,2;2,2
12;0,0;0,1;1,0;2,0;3,0;3,-1;2,-1;2,-2;1,-2;2,-3;1,-1;3,-2
6;0,0;1,-1;2,-1;1,-2;0,-2;1,-3
14;0,0;-1,0;-2,0;-3,1;-4,1;-4,2;-5,3;-5,4;-5,5;-4,5;-4,4;-4,3;-3,2;-2,2
5;0,0;0,1;0,2;1,1;1,0
12;0,0;1,-1;2,-2;0,-1;-1,-1;-2,-1;-2,0;-3,1;-2,1;-4,2;-4,1;-5,3
4;0,0;-1,0;-2,1;-2,0
13;0,0;0,1;-1,1;-1,2;0,2;-1,3;-2,4;-2,3;-1,4;-2,5;-2,6;-3,6;-3,5
7;0,0;0,1;0,2;-1,2;-1,3;0,3;1,2