10
10
16
0,8
0,9
1,2
1,3
1,7
1,9
3,4
3,9
4,0
5,6
6,3
6,5
7,1
7,7
8,5
9,1

20
6;0,0;0,-1;-1,0;-1,1;1,-1;1,0
3;0,0;0,-1;0,-2
10;0,0;-1,1;1,0;0,1;0,2;1,1;2,1;1,2;3,0;4,-1
4;0,0;-1,1;0,1;-1,2
10;0,0;-1,0;1,0;0,1;0,2;-1,2;-2,2;-2,3;-3,3;-3,2
5;0,0;0,-1;0,-2;1,-3;1,-2
11;0,0;-1,1;-2,2;-3,3;-3,2;-2,3;-3,4;-1,2;0,2;0,1;1,1
7;0,0;-1,0;0,-1;0,-2;0,-3;0,-4;0,-5
10;0,0;0,-1;1,-1;1,0;2,-1;-1,0;-2,0;-2,-1;-1,-1;-2,1
7;0,0;-1,1;-2,1;-2,0;-2,-1;-1,-1;-3,1
8;0,0;1,0;1,1;0,1;2,-1;2,1;2,2;1,2
8;0,0;0,-1;1,-2;2,-2;2,-1;3,-2;3,-3;4,-4
2;0,0;0,1
9;0,0;-1,1;-2,1;-3,2;-3,3;-4,4;-3,4;-4,5;-3,5
2;0,0;-1,0
6;0,0;0,-1;0,1;1,-1;1,-2;2,-3
2;0,0;-1,1
8;0,0;-1,0;0,1;1,0;1,-1;1,-2;0,-2;0,-3
4;0,0;0,-1;-1,-1;-2,-1
7;0,0;-1,1;-1,2;0,2;0,3;1,2;-1,4