32
32
84
0,4
0,18
0,19
1,8
1,13
1,25
2,1
3,23
4,9
4,10
4,11
4,17
4,19
4,26
4,30
5,27
6,1
6,3
6,4
6,14
6,19
7,7
7,27
8,3
8,16
9,3
9,11
9,15
10,21
11,0
11,25
12,5
12,17
12,20
12,21
13,6
13,15
13,22
13,28
14,9
14,18
14,30
15,18
15,19
16,10
16,11
16,26
16,29
17,4
17,5
17,14
18,15
18,22
19,0
19,2
19,27
20,7
20,19
22,0
22,13
22,15
22,22
22,26
23,8
23,29
23,31
24,0
24,2
24,15
26,8
26,9
26,24
26,29
27,8
27,14
27,29
28,3
28,26
28,28
29,5
29,17
29,20
30,22
31,9

250
4;0,0;0,1;-1,1;-1,2
7;0,0;1,-1;-1,0;-2,1;-1,1;0,-1;-1,-1
3;0,0;-1,0;0,-1
12;0,0;0,1;1,1;1,2;2,1;3,1;3,0;2,0;4,0;4,-1;5,-1;6,-1
7;0,0;1,-1;1,-2;0,-2;0,-3;0,-4;1,-4
14;0,0;-1,0;-1,1;0,1;1,0;2,-1;3,-1;4,-1;4,0;5,0;5,1;4,2;3,3;3,2
6;0,0;0,1;1,0;1,1;2,0;3,-1
10;0,0;-1,0;-2,0;-3,0;-3,1;-2,1;1,-1;2,-1;3,-2;4,-3
6;0,0;0,1;0,2;-1,3;-2,4;-2,3
8;0,0;0,-1;0,-2;1,-3;1,-2;2,-3;-1,-1;0,1
6;0,0;1,-1;0,1;-1,2;0,2;1,1
8;0,0;1,0;0,-1;0,-2;-1,0;-2,1;-2,0;-3,1
7;0,0;0,1;1,1;1,2;2,1;3,0;4,0
11;0,0;1,-1;1,-2;0,-2;0,-3;1,-3;2,-4;2,-5;3,-6;2,-6;3,-7
7;0,0;1,0;0,1;1,1;2,0;2,1;3,0
10;0,0;0,1;-1,2;-2,2;-2,3;-1,3;-3,3;-3,2;-4,3;-4,2
9;0,0;1,-1;0,-1;-1,0;-2,1;-2,0;-2,-1;-3,0;-4,1
15;0,0;1,-1;1,0;0,1;0,2;-1,3;-2,3;-1,2;-2,2;-1,1;-1,0;-2,0;-3,1;-4,1;-4,0
5;0,0;1,0;1,-1;1,-2;0,-1
2;0,0;0,-1
10;0,0;1,-1;2,-2;2,-3;3,-4;4,-5;4,-6;3,-5;2,-5;3,-6
3;0,0;1,0;2,0
10;0,0;1,0;2,-1;1,-1;2,-2;2,-3;1,-2;1,1;2,1;1,2
7;0,0;0,-1;1,-1;0,1;1,0;2,-2;1,-2
2;0,0;1,-1
7;0,0;1,0;1,1;0,2;0,3;0,4;-1,5
2;0,0;-1,0
8;0,0;0,-1;-1,0;-1,1;-2,0;-2,1;-3,2;-3,1
3;0,0;-1,1;-2,1
8;0,0;1,0;2,0;1,-1;2,-1;2,-2;1,-2;2,-3
3;0,0;0,-1;1,0
11;0,0;-1,1;1,-1;1,0;2,-1;2,0;1,1;2,1;3,0;3,-1;4,-2
4;0,0;1,0;0,1;-1,2
8;0,0;0,-1;-1,-1;0,-2;-1,0;1,-1;1,0;2,0
5;0,0;1,-1;1,0;1,1;0,2
11;0,0;-1,1;-1,0;-1,-1;-1,-2;0,-2;1,-3;2,-4;3,-5;2,-5;3,-4
6;0,0;-1,0;-2,1;-2,2;-1,1;-1,2
13;0,0;0,-1;-1,-1;-2,-1;-2,-2;-1,-3;0,-3;-1,-2;0,-4;1,-5;0,-5;-1,-4;-2,-3
6;0,0;-1,1;0,1;1,1;2,0;2,-1
11;0,0;1,0;1,-1;0,-1;-1,0;-1,-1;-2,-1;-2,-2;-1,-3;-2,-3;-3,-3
4;0,0;0,-1;-1,0;0,1
10;0,0;-1,1;-2,2;-3,3;-3,4;-2,4;-2,5;-1,4;-1,5;0,5
6;0,0;1,0;0,-1;-1,0;-1,-1;-1,-2
10;0,0;-1,0;0,1;0,2;1,2;0,3;-1,3;-2,4;-3,4;-3,5
6;0,0;0,-1;0,-2;0,-3;1,-4;1,-3
7;0,0;0,1;1,1;2,1;2,0;3,-1;2,-1
11;0,0;-1,1;-1,0;-2,0;-3,0;-1,-1;0,-2;0,-1;-1,-2;-1,-3;-2,-3
6;0,0;-1,0;-1,1;-2,2;-2,1;-2,3
13;0,0;0,-1;1,-2;2,-3;3,-3;4,-4;4,-5;5,-5;3,-4;2,-2;3,-2;4,-2;4,-1
8;0,0;-1,1;0,1;-1,2;-1,3;-2,3;-3,3;-3,2
12;0,0;-1,0;-2,0;-2,-1;-1,-1;-3,1;-4,1;-5,1;-5,0;-4,0;-4,-1;-6,0
8;0,0;0,-1;0,1;0,2;1,2;2,1;2,2;1,3
12;0,0;0,1;1,0;0,-1;0,-2;1,-2;0,-3;1,-4;2,-5;3,-6;4,-7;3,-5
7;0,0;0,-1;-1,-1;-2,-1;-3,-1;-4,-1;-3,-2
10;0,0;0,1;1,1;2,1;2,0;0,2;3,0;3,-1;2,-1;1,2
6;0,0;1,-1;1,-2;0,-2;-1,-2;0,-1
5;0,0;1,-1;2,-1;1,0;0,-1
9;0,0;-1,0;-2,0;-1,-1;0,-1;-1,1;-2,2;1,-1;1,0
6;0,0;0,1;0,2;0,3;0,4;1,4
12;0,0;1,-1;2,-2;2,-1;3,-1;3,-2;3,-3;2,-3;1,-3;1,-4;2,-4;1,-2
4;0,0;-1,0;-2,1;-2,0
10;0,0;0,1;-1,1;-1,2;-2,3;-3,3;-3,2;-2,2;-2,4;-2,5
8;0,0;-1,1;-1,2;-2,2;-2,1;-2,0;-2,-1;-2,-2
10;0,0;1,-1;1,-2;2,-2;2,-3;1,-3;0,-2;0,-1;3,-4;2,-4
7;0,0;1,0;0,1;1,-1;2,-1;3,-1;3,0
11;0,0;0,1;-1,1;-2,2;-1,2;-1,3;0,2;1,1;2,0;-2,1;-3,1
8;0,0;1,-1;0,-1;0,-2;-1,-1;-1,-2;-1,-3;-1,-4
2;0,0;1,0
6;0,0;0,1;1,0;1,-1;-1,1;-1,0
2;0,0;1,-1
7;0,0;-1,0;-2,0;-1,-1;-1,-2;-2,-1;-3,1
3;0,0;1,0;2,0
8;0,0;0,-1;0,-2;-1,-1;-1,-2;-1,-3;0,-3;1,-3
2;0,0;1,-1
10;0,0;1,0;2,-1;2,0;2,1;3,0;2,2;2,3;2,4;3,2
5;0,0;0,1;1,1;1,0;2,0
9;0,0;1,-1;1,0;1,1;1,2;0,3;0,4;1,3;1,4
5;0,0;1,0;1,-1;0,-1;-1,-1
10;0,0;0,1;-1,2;0,2;1,-1;2,-2;3,-3;3,-2;4,-3;4,-2
4;0,0;1,-1;0,-1;1,-2
10;0,0;1,-1;2,-1;3,-2;3,-3;4,-3;4,-2;3,-1;5,-3;6,-4
4;0,0;1,0;1,-1;0,-1
6;0,0;0,-1;1,-1;1,-2;1,0;-1,0
7;0,0;1,-1;2,-2;2,-1;3,-1;4,-1;3,0
9;0,0;1,0;2,0;2,-1;2,1;3,0;2,2;1,3;1,4
6;0,0;0,1;-1,1;-2,1;-2,0;-2,-1
13;0,0;1,-1;1,-2;0,-2;0,-3;0,-4;1,-4;2,-5;1,-3;2,-4;3,-6;4,-6;3,-5
9;0,0;1,0;0,1;-1,2;-2,2;-3,3;-2,3;-2,4;-2,5
11;0,0;1,0;2,-1;1,-1;3,-2;4,-3;3,-3;5,-4;6,-4;7,-4;6,-3
7;0,0;0,-1;1,-1;2,-2;1,-2;1,-3;0,-2
2;0,0;1,-1
7;0,0;1,0;1,1;2,0;3,0;2,1;3,1
3;0,0;0,-1;1,-2
7;0,0;1,-1;2,-1;3,-2;2,0;3,0;1,1
2;0,0;1,0
10;0,0;0,1;0,2;1,1;-1,2;-2,2;-2,1;-2,0;-2,-1;-2,-2
4;0,0;0,-1;0,-2;-1,-1
11;0,0;-1,1;1,-1;0,-1;0,-2;1,-3;1,-2;2,-3;3,-4;3,-5;3,-6
4;0,0;1,0;2,0;2,-1
11;0,0;0,-1;-1,-1;-1,0;1,0;1,1;2,0;2,-1;3,-1;4,-1;3,0
3;0,0;1,-1;1,0
10;0,0;1,0;2,-1;3,-1;4,-1;5,-2;6,-3;6,-2;4,0;4,1
6;0,0;0,-1;-1,0;-2,0;-2,-1;-1,-1
11;0,0;1,-1;0,-1;-1,0;-2,0;-2,1;-2,2;-3,3;-3,4;-3,2;-3,1
7;0,0;1,0;1,1;2,0;2,-1;1,-1;0,-1
9;0,0;1,0;1,-1;-1,0;-1,-1;0,-1;1,-2;1,-3;0,-2
7;0,0;0,-1;-1,0;-1,-1;-2,1;-3,2;-4,2
8;0,0;-1,1;-2,2;-2,3;-1,3;0,3;0,2;-1,2
4;0,0;1,0;0,1;0,2
10;0,0;0,-1;-1,0;1,-1;2,-1;3,-2;2,-2;4,-2;4,-3;4,-1
9;0,0;1,-1;1,-2;2,-2;2,-3;3,-3;4,-4;4,-3;3,-2
2;0,0;1,0
7;0,0;0,-1;-1,-1;-2,0;-2,-1;-1,-2;-2,-2
2;0,0;0,-1
7;0,0;-1,1;-1,0;-2,2;-3,3;-4,3;-4,4
3;0,0;1,0;0,1
8;0,0;0,-1;1,-2;1,-1;0,-2;0,-3;0,-4;-1,-2
3;0,0;-1,1;-2,1
10;0,0;1,0;1,1;0,1;2,0;3,0;3,-1;4,-2;3,-2;2,-1
4;0,0;0,-1;0,-2;-1,-1
9;0,0;1,-1;2,-2;3,-3;4,-4;4,-3;5,-3;4,-2;3,-2
3;0,0;-1,1;-2,1
9;0,0;-1,0;0,-1;-1,1;-1,2;0,2;1,2;0,3;-1,4
4;0,0;0,-1;0,-2;1,-1
14;0,0;-1,1;-1,2;-2,2;-3,3;-3,2;-4,3;-5,4;-5,5;-5,6;-6,7;-5,7;-4,6;-3,6
6;0,0;1,0;2,-1;3,-1;4,-1;3,0
11;0,0;0,-1;1,-1;1,-2;2,-2;2,-3;3,-4;4,-5;3,-5;3,-6;3,-7
7;0,0;-1,1;-2,1;-1,0;-2,0;-2,-1;-3,-1
13;0,0;1,0;1,-1;2,-2;3,-2;4,-3;3,-3;4,-4;4,-5;5,-5;6,-5;7,-6;6,-6
6;0,0;0,-1;-1,0;-1,-1;1,-2;0,-2
10;0,0;0,-1;1,-2;1,-1;0,1;-1,1;-1,0;-2,0;-2,2;-1,2
7;0,0;-1,1;0,1;1,0;2,-1;2,0;3,0
11;0,0;-1,0;-1,-1;0,-1;-2,-1;-1,-2;-3,-1;-3,0;-2,0;-2,1;-1,1
5;0,0;0,-1;-1,0;-1,1;0,1
2;0,0;-1,1
6;0,0;1,0;0,1;0,-1;0,-2;-1,-2
3;0,0;0,-1;-1,-1
9;0,0;-1,1;-1,2;-2,3;-3,3;-1,3;-1,4;0,3;0,2
3;0,0;-1,1;-1,2
7;0,0;-1,1;-2,1;-2,2;-3,3;-3,2;-1,2
2;0,0;-1,1
9;0,0;-1,0;-1,-1;-2,-1;-3,0;-2,0;-3,1;-4,1;-4,2
2;0,0;0,1
10;0,0;-1,1;-2,2;-3,2;-2,1;-1,0;-1,-1;-1,-2;-2,-1;-2,0
3;0,0;-1,0;-2,0
10;0,0;0,-1;1,-1;2,-2;3,-3;3,-2;3,-1;4,-1;3,0;2,1
3;0,0;-1,1;-1,0
9;0,0;-1,0;-2,1;-2,0;-3,1;-3,0;-3,-1;-3,-2;-2,-1
3;0,0;-1,0;0,-1
9;0,0;0,1;1,1;-1,2;0,2;-1,3;-2,2;-3,2;-4,3
4;0,0;1,-1;1,-2;0,-2
11;0,0;-1,0;-1,1;0,1;1,0;2,-1;1,-1;2,-2;2,-3;1,-3;1,-2
5;0,0;0,1;1,0;2,-1;1,-1
8;0,0;-1,1;0,1;-1,2;0,2;-2,1;-1,0;-2,0
5;0,0;-1,0;0,-1;-1,-1;0,-2
8;0,0;0,1;-1,2;-1,1;-2,2;-2,3;-2,4;-1,3
4;0,0;-1,1;-1,2;0,1
12;0,0;1,-1;2,-2;3,-2;2,-1;3,-1;3,0;2,0;1,0;1,1;0,1;0,2
5;0,0;-1,0;0,-1;1,-1;2,-1
10;0,0;0,1;-1,1;1,0;2,-1;3,-2;1,-1;2,-2;1,-2;2,-3
5;0,0;1,-1;1,0;0,1;-1,1
9;0,0;-1,0;0,-1;1,-2;2,-3;2,-4;3,-4;3,-5;1,-3
6;0,0;0,1;-1,2;-1,3;-2,3;-2,2
2;0,0;-1,1
8;0,0;-1,0;-1,-1;-1,1;-2,2;-3,2;-4,3;-4,2
2;0,0;1,0
9;0,0;0,1;1,0;2,0;3,0;3,-1;3,-2;4,-2;4,-3
3;0,0;1,-1;2,-1
8;0,0;-1,0;-2,0;-3,1;-4,1;-4,2;-4,3;-3,2
4;0,0;0,1;0,2;1,1
10;0,0;1,-1;1,-2;1,-3;0,-3;1,-4;2,-5;3,-5;3,-6;2,-6
4;0,0;-1,0;-2,1;-2,2
7;0,0;0,1;-1,1;-1,0;-1,2;0,2;-1,3
5;0,0;0,1;1,1;2,1;1,2
7;0,0;1,-1;1,0;2,-1;0,1;1,1;1,2
6;0,0;1,0;2,-1;3,-1;2,0;1,1
7;0,0;0,1;-1,2;-1,1;-1,3;0,3;-1,4
5;0,0;1,-1;0,-1;-1,0;0,-2
8;0,0;-1,0;-1,1;-2,0;-1,-1;0,-2;0,-1;1,-1
6;0,0;0,1;0,-1;1,-2;2,-2;2,-3
9;0,0;1,-1;0,1;1,1;1,0;2,0;2,-1;3,-2;3,-1
7;0,0;-1,0;0,-1;-1,-1;-2,0;-2,-1;-3,-1
13;0,0;1,0;2,0;3,0;4,0;5,0;6,-1;6,0;4,1;5,1;3,1;3,2;3,3
6;0,0;0,1;1,-1;-1,1;-2,2;-3,2
12;0,0;1,-1;1,0;0,1;-1,1;-2,1;-2,2;-1,0;-3,2;-3,3;-3,1;-2,0
6;0,0;1,0;0,1;2,-1;2,-2;1,-2
2;0,0;0,1
9;0,0;1,-1;2,-1;2,-2;3,-3;4,-3;3,-2;2,-3;3,-4
3;0,0;-1,0;-1,-1
8;0,0;0,1;-1,2;0,2;-1,3;0,3;1,3;1,2
3;0,0;0,-1;1,-2
7;0,0;1,-1;2,-1;1,0;0,1;0,2;1,1
4;0,0;1,0;1,-1;2,-2
8;0,0;0,1;0,2;-1,3;1,1;1,0;1,-1;2,-2
5;0,0;1,-1;2,-2;2,-3;1,-3
10;0,0;1,0;2,-1;2,0;3,-1;4,-1;3,0;3,1;4,0;1,1
5;0,0;0,1;1,1;1,0;2,0
4;0,0;0,1;-1,2;0,2
7;0,0;1,-1;0,-1;-1,-1;-1,0;1,0;1,1
4;0,0;-1,1;0,1;-1,2
2;0,0;-1,1
8;0,0;1,0;2,0;1,1;3,0;4,-1;3,-1;4,-2
3;0,0;0,-1;-1,-1
10;0,0;-1,1;-1,2;-1,3;0,2;1,1;2,1;3,1;4,1;4,0
4;0,0;1,0;0,1;-1,1
11;0,0;0,-1;1,-2;0,-2;-1,-1;-1,-2;-2,-1;-3,-1;-3,-2;-2,-3;-2,-2
4;0,0;1,-1;2,-1;3,-1
9;0,0;1,0;1,-1;2,-2;2,-1;3,-2;4,-3;3,-3;2,-3
5;0,0;-1,0;-1,1;-2,2;-2,1
12;0,0;0,-1;1,-2;2,-3;3,-4;2,-4;1,-3;1,-4;0,-4;2,-5;2,-6;3,-7
4;0,0;-1,1;0,1;0,2
8;0,0;1,0;0,-1;1,-2;0,-2;0,-3;1,-3;1,-1
6;0,0;0,-1;1,0;1,1;2,1;3,1
14;0,0;-1,1;-1,0;-2,0;-3,1;-3,0;-4,0;-4,1;-4,2;-5,3;-5,4;-5,5;-6,5;-6,6
7;0,0;1,0;0,1;1,1;1,2;2,1;3,0
10;0,0;0,-1;1,-1;-1,1;0,1;0,2;-1,2;-2,2;-3,3;-3,2
5;0,0;0,1;-1,1;0,-1;-1,2
13;0,0;-1,1;-1,2;-2,3;-2,2;-3,2;-3,3;-4,3;-2,4;-2,5;-3,5;-3,4;-4,4
9;0,0;-1,0;0,-1;0,-2;0,-3;0,-4;-1,-3;-2,-3;-3,-2
14;0,0;0,-1;-1,0;-1,1;-2,2;-2,1;-3,1;-3,2;-4,3;-5,4;-6,4;-6,5;-6,6;-5,5
6;0,0;-1,1;-2,1;-3,1;-3,2;-2,2
2;0,0;-1,0
6;0,0;0,-1;0,-2;-1,-2;-1,-1;1,-2
3;0,0;-1,1;-2,2
9;0,0;1,0;-1,1;-1,0;-1,-1;-1,-2;0,-2;0,-3;1,-3
3;0,0;-1,0;-2,0
7;0,0;0,1;0,2;0,3;-1,3;1,2;0,4
4;0,0;-1,1;-1,0;-1,-1
10;0,0;-1,0;-2,1;-1,1;-1,2;-2,2;-3,3;-4,3;-3,2;-4,2
5;0,0;0,-1;-1,-1;-2,-1;-3,0
10;0,0;-1,1;0,1;1,1;1,2;0,3;0,2;2,2;-1,3;-2,3
4;0,0;-1,0;-1,-1;0,-2
12;0,0;0,-1;-1,0;-2,1;-2,0;-2,-1;-3,0;-4,0;-4,1;-5,1;-6,1;-5,0
6;0,0;0,1;1,0;1,-1;2,-2;3,-3
12;0,0;-1,1;0,1;0,-1;1,-1;1,0;1,1;0,2;1,2;2,1;2,2;3,2
7;0,0;-1,0;-1,1;-1,2;0,1;0,2;1,2
10;0,0;0,1;-1,0;-1,-1;-2,-1;-3,-1;-3,0;-3,-2;-2,-2;-1,-2
6;0,0;-1,1;-2,2;-1,2;-2,3;-3,3
11;0,0;-1,0;0,-1;-1,-1;-2,1;-2,2;-3,1;-4,1;-5,1;-5,0;-6,1
5;0,0;0,-1;1,-1;-1,1;0,1
12;0,0;-1,1;-1,0;0,-1;-1,-1;-1,-2;-2,-1;-3,-1;-3,-2;-4,-1;-4,-2;-5,-1
7;0,0;1,-1;1,0;1,1;2,0;0,2;0,1
2;0,0;-1,0
8;0,0;0,1;1,1;1,0;2,-1;2,-2;2,-3;3,-3
2;0,0;-1,1
10;0,0;-1,0;-1,-1;-2,-1;-3,0;-3,1;-4,1;-5,1;-5,0;-5,-1
3;0,0;0,1;-1,2
8;0,0;-1,1;1,-1;-1,0;0,1;-1,2;-2,3;-2,2
3;0,0;-1,0;-1,1
7;0,0;0,-1;0,-2;0,-3;1,-4;-1,-3;-2,-3