64
64
210
0,0
0,26
0,40
0,49
1,1
1,45
2,56
2,58
3,5
3,16
3,31
3,60
4,19
4,26
4,41
4,46
5,26
5,53
6,28
6,40
7,1
7,8
7,16
7,38
7,47
7,49
8,23
8,32
9,4
9,8
9,10
10,32
10,44
11,1
11,18
11,21
11,29
11,36
11,53
12,36
12,59
13,15
13,45
13,51
14,5
14,9
14,10
14,27
14,30
14,43
15,62
16,9
16,17
16,51
16,53
17,1
17,13
17,27
17,63
18,35
19,2
19,12
19,22
19,44
19,56
20,7
20,19
20,55
21,5
21,25
21,34
21,37
22,45
22,58
23,11
23,31
23,57
24,18
24,26
24,35
24,56
24,57
25,39
25,48
25,55
26,9
26,46
27,23
27,42
27,63
28,12
28,18
28,20
28,46
29,2
29,43
30,9
30,13
30,26
30,30
30,38
30,48
31,31
31,41
31,47
32,9
32,25
32,30
32,36
32,44
33,52
33,56
34,16
34,56
35,35
35,41
35,53
36,2
37,12
38,0
38,10
38,15
38,23
38,30
38,43
38,52
39,53
40,4
41,4
41,15
41,22
41,34
41,37
41,53
41,61
42,58
43,34
43,38
44,18
44,41
44,47
44,51
45,3
45,9
45,18
45,24
45,34
46,18
46,37
47,21
47,30
47,58
48,24
48,27
48,28
49,9
49,23
49,30
49,35
49,43
49,49
49,51
50,16
50,22
50,44
51,49
53,4
53,9
53,14
53,27
54,16
54,17
54,20
54,44
55,4
55,8
55,21
55,24
55,28
55,39
56,11
56,18
56,37
56,44
56,52
57,3
57,24
57,31
57,44
58,27
58,41
58,42
58,47
58,49
58,50
58,58
59,4
59,18
59,37
59,56
59,58
60,9
61,10
61,25
61,31
61,38
62,32
63,1
63,5
63,28

1000
6;0,0;-1,0;-1,1;-1,-1;-2,-1;-2,0
3;0,0;0,-1;0,-2
6;0,0;-1,1;-1,2;0,2;-1,3;-1,0
3;0,0;1,0;2,-1
7;0,0;0,-1;1,-1;1,-2;2,-2;0,-2;0,-3
3;0,0;-1,1;-2,1
7;0,0;1,0;1,1;0,1;0,2;2,1;3,0
4;0,0;0,-1;-1,0;-2,1
9;0,0;1,-1;2,-2;3,-3;3,-4;2,-4;2,-3;4,-4;4,-5
4;0,0;-1,1;0,1;-1,2
7;0,0;0,1;-1,1;1,0;2,-1;2,0;2,1
4;0,0;-1,1;-2,2;-2,1
8;0,0;-1,0;0,-1;-1,1;-2,1;-2,2;-3,3;-1,2
4;0,0;0,-1;-1,-1;-2,-1
10;0,0;-1,1;-1,2;0,2;-1,3;0,3;1,2;2,1;3,1;3,2
5;0,0;-1,0;-1,-1;0,-1;0,-2
10;0,0;0,-1;-1,0;1,-2;2,-3;2,-2;3,-3;2,-4;3,-5;4,-6
5;0,0;-1,1;-2,1;-3,2;-3,1
9;0,0;-1,0;1,-1;2,-2;2,-1;1,0;0,1;0,-1;0,-2
4;0,0;-1,0;-1,-1;-1,1
4;0,0;-1,0;0,-1;1,-1
9;0,0;0,1;-1,1;0,2;0,3;1,2;2,1;2,0;2,2
3;0,0;1,-1;1,0
10;0,0;-1,0;0,-1;1,-1;1,-2;0,-2;0,-3;-1,-2;-1,-3;0,-4
4;0,0;0,1;-1,2;-1,1
10;0,0;-1,1;-2,1;-3,2;-3,1;-4,3;-5,4;-6,5;-6,4;-5,3
5;0,0;-1,0;-1,1;-1,-1;0,-2
12;0,0;0,1;0,2;1,1;1,0;2,-1;3,-1;4,-1;5,-1;5,0;4,0;3,0
7;0,0;0,1;1,0;1,1;2,1;3,1;4,1
13;0,0;1,-1;-1,0;-1,1;-1,2;0,2;-1,3;-1,4;-1,5;-2,5;-3,5;-2,4;-2,3
6;0,0;-1,0;-2,0;1,-1;2,-2;2,-3
13;0,0;0,1;0,2;-1,2;-1,1;1,1;1,0;2,0;2,1;2,2;2,3;3,3;3,4
9;0,0;1,-1;1,-2;0,-1;-1,-1;-1,0;-1,1;-1,2;0,2
7;0,0;1,-1;2,-1;3,-2;3,-3;4,-4;4,-5
10;0,0;-1,0;-1,-1;-2,0;-1,1;0,-1;0,-2;1,-2;2,-2;2,-3
5;0,0;0,1;-1,2;-1,1;-1,0
11;0,0;1,-1;2,-2;2,-1;3,-1;4,-2;5,-3;5,-2;6,-3;7,-4;7,-3
4;0,0;1,-1;2,-1;1,0
10;0,0;1,0;2,0;1,1;1,2;2,1;3,0;2,2;2,3;3,2
7;0,0;0,1;0,2;-1,2;-1,3;0,3;-1,4
2;0,0;1,-1
7;0,0;1,0;0,1;-1,2;-1,1;-1,0;0,-1
2;0,0;0,1
5;0,0;1,-1;1,-2;0,-1;-1,0
3;0,0;-1,0;-1,1
9;0,0;1,0;2,-1;3,-1;3,0;2,0;3,-2;4,-2;4,-3
3;0,0;0,-1;1,-1
11;0,0;1,-1;0,-1;1,0;2,0;2,1;2,2;2,3;2,4;3,4;3,5
4;0,0;1,0;1,1;2,0
8;0,0;0,1;1,0;1,-1;0,-1;-1,1;-2,2;-3,3
4;0,0;1,-1;0,1;-1,1
7;0,0;1,0;0,-1;0,-2;0,-3;-1,-2;-1,-3
6;0,0;0,1;1,1;1,2;2,2;3,1
7;0,0;1,-1;1,0;0,1;1,1;-1,2;-1,1
6;0,0;1,-1;2,-2;3,-2;4,-2;4,-1
11;0,0;1,0;0,1;1,1;2,0;3,-1;4,-2;4,-3;4,-4;5,-4;5,-5
7;0,0;0,-1;-1,-1;-2,0;-3,0;-3,-1;-3,-2
9;0,0;1,-1;1,0;2,-1;2,-2;0,1;2,0;2,1;1,1
4;0,0;1,0;1,-1;-1,0
12;0,0;0,1;-1,2;-1,1;-1,0;-1,-1;0,-2;0,-1;1,-2;2,-3;2,-2;1,-1
7;0,0;1,-1;0,-1;0,-2;1,-2;2,-3;2,-2
14;0,0;1,0;2,0;3,0;3,1;4,1;4,2;5,1;5,2;5,0;6,-1;5,-1;6,-2;6,-3
5;0,0;1,0;1,-1;0,-1;1,-2
2;0,0;0,-1
8;0,0;1,-1;0,-1;-1,-1;-2,0;-2,-1;-3,-1;-2,-2
2;0,0;1,0
8;0,0;0,-1;1,-1;1,-2;0,-2;1,0;1,1;0,1
3;0,0;1,-1;1,-2
9;0,0;1,0;0,1;2,-1;3,-2;3,-3;2,-2;2,-3;1,-3
3;0,0;0,1;1,0
10;0,0;0,-1;1,-1;2,-1;3,-1;3,-2;3,0;2,1;4,0;5,0
4;0,0;-1,1;-1,0;0,-1
8;0,0;0,-1;1,-2;1,-1;2,-2;2,-1;2,0;3,0
3;0,0;-1,1;0,1
7;0,0;-1,0;-2,0;-1,-1;-1,-2;-1,-3;-2,1
2;0,0;0,-1
11;0,0;-1,1;-1,0;-1,-1;-1,-2;0,-2;1,-3;1,-4;0,-4;1,-5;0,-5
4;0,0;1,0;0,1;1,1
8;0,0;0,-1;-1,-1;-2,-1;-2,0;-1,0;-1,1;-2,1
4;0,0;-1,1;-2,1;0,1
10;0,0;-1,1;-1,2;0,1;0,2;-1,3;0,3;-2,2;-3,2;-3,1
4;0,0;-1,0;0,-1;-2,0
11;0,0;0,-1;-1,0;0,-2;0,-3;0,-4;-1,-2;-1,-3;-1,-4;0,-5;1,-5
6;0,0;-1,1;-2,1;-2,0;-3,0;-2,-1
11;0,0;-1,0;-1,1;-1,2;0,1;1,1;2,1;2,2;3,2;4,1;3,1
5;0,0;0,-1;0,-2;-1,-2;1,-2
12;0,0;-1,1;-2,2;-1,2;-2,3;0,1;1,0;2,-1;3,-1;3,-2;4,-3;3,-3
4;0,0;1,0;2,-1;1,-1
13;0,0;0,-1;1,-1;-1,1;-1,2;-2,2;-3,3;-3,2;-4,2;-5,3;-6,3;-6,2;-5,2
5;0,0;0,1;1,-1;0,-1;-1,-1
12;0,0;-1,1;-1,0;-2,1;-1,-1;-2,0;0,-2;0,-3;0,-4;-1,-3;-1,-4;0,-5
9;0,0;-1,0;-2,1;-2,0;-3,0;-2,-1;-2,-2;-1,-2;-1,-1
2;0,0;0,-1
9;0,0;-1,1;0,1;1,1;2,1;2,0;3,0;3,-1;2,-1
2;0,0;-1,0
9;0,0;0,-1;-1,0;1,0;2,0;3,-1;3,0;4,-1;4,0
2;0,0;-1,1
8;0,0;-1,1;0,1;-1,2;-2,2;-1,0;-2,1;-2,0
4;0,0;-1,0;-1,-1;0,-2
12;0,0;0,1;0,2;0,3;-1,3;-2,4;-3,5;-3,4;-3,3;-4,4;-5,4;-4,3
4;0,0;-1,1;-2,2;-2,1
9;0,0;-1,0;0,-1;1,-1;2,-1;2,-2;2,-3;1,0;1,1
5;0,0;0,-1;1,-1;2,-1;1,0
9;0,0;-1,1;-1,0;-2,0;-2,1;-2,2;-3,3;-4,4;-4,5
6;0,0;-1,0;-1,1;-2,2;-3,3;-3,4
9;0,0;-1,0;0,-1;1,-2;0,-2;1,-3;1,-4;2,-3;0,-3
4;0,0;0,1;1,1;0,2
13;0,0;-1,1;-2,1;-2,0;-3,0;-4,1;-5,1;-5,0;-5,-1;-6,0;-6,1;-7,1;-7,2
7;0,0;-1,0;-1,1;-1,2;0,1;1,1;2,0
5;0,0;-1,0;-2,0;-3,0;-4,0
7;0,0;1,-1;1,-2;0,-2;-1,-2;0,-1;1,0
4;0,0;-1,0;-2,1;-1,1
7;0,0;0,1;1,0;2,-1;1,-1;0,-1;-1,0
4;0,0;1,-1;2,-1;1,0
11;0,0;-1,0;-1,-1;0,-2;1,-2;0,-1;-1,1;-2,1;-2,2;-3,3;-4,3
5;0,0;0,1;0,2;0,3;1,2
11;0,0;0,1;1,0;1,-1;0,-1;0,-2;0,-3;-1,-2;-2,-1;-2,-2;-1,-3
6;0,0;1,-1;2,-1;2,0;3,-1;4,-2
11;0,0;1,0;-1,0;-2,0;0,-1;0,-2;0,-3;1,-4;1,-5;2,-5;3,-6
5;0,0;0,1;0,2;1,2;0,3
3;0,0;0,1;-1,1
10;0,0;1,-1;2,-1;1,0;0,1;1,1;2,0;3,0;3,-1;0,2
5;0,0;1,0;1,-1;2,-2;3,-2
8;0,0;0,1;-1,2;-1,1;1,-1;2,-1;2,-2;-2,1
4;0,0;1,-1;2,-2;2,-1
11;0,0;-1,1;-2,1;-2,0;-1,-1;-1,0;0,-1;1,0;2,0;2,-1;3,-1
5;0,0;1,0;1,1;2,1;0,1
5;0,0;1,0;0,1;-1,1;-2,2
9;0,0;-1,1;-1,2;0,2;1,1;2,1;2,2;1,2;3,2
3;0,0;-1,0;-1,-1
6;0,0;0,-1;-1,0;0,1;0,2;0,3
4;0,0;-1,1;-2,1;-3,2
8;0,0;1,0;2,0;2,-1;1,1;-1,1;-2,2;-3,2
3;0,0;0,-1;0,-2
11;0,0;-1,1;-2,2;-3,2;-2,1;-2,0;-1,0;1,0;2,0;3,-1;3,-2
4;0,0;1,0;0,1;1,1
9;0,0;-1,0;-2,0;-3,0;-2,-1;-1,-1;-1,-2;0,-2;0,-1
4;0,0;0,-1;1,-1;0,1
8;0,0;-1,1;-1,0;0,-1;-1,-1;-2,-1;-2,-2;-2,0
6;0,0;-1,0;-2,1;-3,2;-3,3;-2,3
11;0,0;0,-1;1,-2;1,-1;0,1;-1,2;-1,3;0,2;-2,3;-3,3;-4,4
6;0,0;-1,1;0,1;0,-1;1,-2;1,-3
13;0,0;1,0;1,-1;2,-1;3,-2;3,-3;3,-4;3,-5;4,-5;2,-3;2,-2;1,-3;1,-4
6;0,0;0,-1;-1,0;-1,-1;-2,0;-2,1
15;0,0;0,1;1,0;2,0;3,-1;4,-1;3,0;3,1;4,1;5,1;4,2;3,2;2,2;2,3;1,4
7;0,0;-1,1;0,1;1,0;1,1;2,-1;3,-2
7;0,0;-1,0;-1,1;-2,2;-1,2;-1,3;-1,4
9;0,0;0,-1;0,-2;1,-3;1,-2;2,-2;3,-2;2,-1;3,-1
2;0,0;-1,1
9;0,0;-1,0;0,-1;0,-2;0,-3;1,-4;-1,-3;-1,-2;-2,-2
2;0,0;0,-1
5;0,0;-1,1;-2,1;-1,0;-2,0
3;0,0;1,0;1,1
7;0,0;-1,0;0,-1;-1,1;-2,1;-2,2;0,1
3;0,0;0,1;-1,2
11;0,0;-1,1;-2,1;-2,2;-2,3;-1,3;-1,2;-3,2;-4,2;-5,2;-6,3
4;0,0;-1,0;-1,-1;-1,-2
8;0,0;0,-1;0,1;1,-1;1,-2;0,-2;-1,-1;-2,-1
4;0,0;-1,1;-1,0;0,-1
9;0,0;-1,0;-1,-1;-1,1;-2,1;-2,0;-2,-1;-3,1;-3,2
5;0,0;0,-1;-1,-1;1,-2;2,-3
9;0,0;0,1;0,2;1,1;1,2;-1,1;-2,2;-1,0;-1,-1
6;0,0;-1,1;-1,0;-2,1;-3,2;-4,3
9;0,0;-1,0;-2,1;-2,0;-1,1;-2,2;-1,2;0,2;0,-1
7;0,0;0,1;-1,1;-1,2;-2,3;-2,2;-2,1
5;0,0;0,1;-1,2;-1,1;-1,0
9;0,0;-1,1;1,0;2,-1;3,-1;3,0;2,0;1,1;2,1
4;0,0;-1,0;-1,-1;-1,-2
8;0,0;0,1;1,0;2,-1;2,0;-1,1;-2,1;-3,1
7;0,0;-1,1;-1,2;0,1;0,2;1,2;0,3
11;0,0;1,-1;2,-2;0,-1;1,-2;2,-3;1,-3;0,-3;-1,-3;0,-4;-1,-2
6;0,0;-1,0;0,-1;0,-2;1,-2;1,-3
9;0,0;0,1;1,1;1,0;2,1;2,0;2,-1;0,2;-1,3
6;0,0;1,-1;1,-2;0,-1;-1,-1;0,-2
11;0,0;-1,0;-1,1;-2,1;-2,0;-1,-1;0,-1;1,-2;1,-1;2,-1;3,-1
8;0,0;0,1;1,0;2,0;2,-1;2,-2;3,-2;3,-3
2;0,0;1,-1
7;0,0;-1,0;-2,0;-3,1;-3,2;-2,2;-4,3
2;0,0;1,0
7;0,0;0,1;1,0;1,1;1,2;2,1;2,0
2;0,0;1,-1
7;0,0;1,0;2,0;2,1;3,1;2,2;1,1
3;0,0;0,1;-1,1
9;0,0;1,-1;1,0;0,-1;0,-2;1,-3;0,-3;-1,-2;-2,-2
3;0,0;-1,0;0,-1
11;0,0;0,1;-1,2;0,2;1,2;1,3;0,3;-1,4;-1,5;0,4;1,4
5;0,0;1,-1;0,-1;-1,0;-2,1
8;0,0;1,-1;1,0;0,1;2,0;3,0;2,1;2,2
5;0,0;1,0;1,-1;2,0;3,0
12;0,0;0,1;-1,2;-1,1;-1,0;-1,-1;-1,-2;-2,-2;-2,-3;-1,-3;0,-3;0,-4
4;0,0;1,-1;0,-1;1,-2
12;0,0;1,0;2,0;3,0;3,-1;4,-1;5,-1;6,-1;6,-2;7,-2;7,-1;6,0
6;0,0;0,1;0,2;1,1;-1,2;-2,3
9;0,0;1,-1;2,-2;1,0;0,-1;-1,-1;0,-2;1,-2;2,-3
5;0,0;-1,0;-2,1;0,-1;-1,1
10;0,0;1,0;0,1;0,2;-1,3;0,3;-1,4;-2,5;-2,4;-3,4
8;0,0;0,-1;1,-1;1,-2;2,-2;3,-2;4,-3;5,-4
10;0,0;1,-1;1,-2;1,-3;0,-2;2,-1;2,0;1,1;0,1;1,0
7;0,0;1,0;0,1;-1,1;-2,1;-1,0;-2,2
2;0,0;0,1
7;0,0;1,-1;2,-1;3,-2;2,-2;1,0;0,1
2;0,0;1,0
7;0,0;0,1;-1,1;1,-1;2,-2;2,-1;3,-1
3;0,0;0,-1;-1,0
9;0,0;1,-1;0,-1;1,0;2,0;3,0;2,1;1,2;1,1
4;0,0;1,0;2,0;2,-1
9;0,0;0,-1;0,-2;1,-2;-1,-1;1,-3;0,-3;1,-4;0,-4
3;0,0;1,-1;-1,0
6;0,0;1,0;2,-1;0,-1;1,-1;2,-2
5;0,0;0,1;1,1;2,0;2,-1
8;0,0;1,-1;0,-1;-1,0;1,0;0,1;1,1;2,0
6;0,0;1,0;1,1;1,2;1,3;0,4
8;0,0;1,0;0,1;0,-1;-1,-1;0,-2;-1,-2;0,-3
6;0,0;0,-1;1,-2;2,-2;2,-1;3,-2
7;0,0;1,-1;2,-1;0,-1;-1,0;1,0;0,1
7;0,0;1,0;1,-1;2,-1;2,-2;3,-2;4,-3
10;0,0;0,-1;1,-1;0,-2;0,-3;-1,-3;1,-4;2,-5;2,-4;1,-3
5;0,0;1,-1;2,-2;1,-2;2,-3
13;0,0;1,0;2,0;3,-1;4,-1;5,-1;5,0;4,0;4,1;3,1;3,0;2,1;2,2
9;0,0;0,1;-1,1;-1,2;-1,3;-1,4;0,3;1,2;2,2
7;0,0;0,-1;0,1;1,1;-1,2;0,2;-1,1
8;0,0;-1,1;-1,0;-2,0;-2,1;-2,-1;-3,0;-3,1
2;0,0;1,0
9;0,0;0,-1;1,-1;0,-2;1,-2;2,-2;3,-3;3,-2;4,-2
3;0,0;1,-1;0,-1
10;0,0;1,0;1,1;2,0;2,-1;1,-1;2,-2;3,-3;3,-2;4,-2
3;0,0;0,-1;1,-2
6;0,0;1,-1;0,-1;-1,0;-1,1;0,1
4;0,0;-1,1;-2,1;-2,2
8;0,0;1,0;1,1;0,1;0,2;1,2;0,3;-1,3
5;0,0;0,-1;0,-2;-1,-2;-2,-2
11;0,0;-1,1;-2,2;-1,2;-2,1;-3,1;-2,0;-1,0;-1,-1;-2,-1;-3,-1
4;0,0;1,0;1,-1;0,-1
13;0,0;0,-1;-1,-1;-2,0;-2,-1;-3,0;-4,1;-5,1;-6,2;-5,2;-5,3;-6,4;-7,5
6;0,0;1,-1;1,0;2,-1;3,-1;4,-1
8;0,0;1,0;1,-1;1,1;0,-1;-1,0;-1,1;0,1
6;0,0;0,-1;-1,0;-1,-1;1,-2;2,-2
12;0,0;0,-1;-1,-1;1,0;2,-1;3,-1;4,-1;3,0;5,-2;4,-2;4,-3;3,-3
5;0,0;-1,1;0,1;-2,1;-2,2
11;0,0;1,0;1,-1;0,-1;0,-2;-1,-2;-1,-1;-2,-1;-2,-2;1,-3;1,-2
7;0,0;0,-1;-1,0;-2,1;-3,1;-3,0;-4,2
11;0,0;-1,1;1,-1;1,-2;0,-1;-1,-1;0,-2;1,-3;2,-3;3,-4;2,-4
8;0,0;1,0;2,0;1,1;2,1;3,1;2,2;3,2
2;0,0;0,-1
5;0,0;1,-1;1,-2;2,-1;1,0
2;0,0;-1,1
9;0,0;-1,0;0,-1;1,-1;0,-2;1,-2;2,-3;3,-4;3,-5
3;0,0;0,-1;1,-1
9;0,0;-1,1;-1,0;-2,1;-3,1;-2,0;-4,1;-4,0;-3,0
4;0,0;1,0;1,1;0,2
10;0,0;0,-1;1,-2;1,-3;2,-3;0,-3;-1,-2;-1,-3;0,-4;-1,-4
4;0,0;-1,1;0,1;0,2
8;0,0;1,0;0,-1;1,-1;-1,1;-2,1;-1,0;-1,-1
4;0,0;-1,0;-1,-1;0,-1
11;0,0;0,-1;-1,0;-2,0;-3,0;-3,-1;-4,-1;-5,0;-6,1;-6,0;-4,0
5;0,0;-1,1;1,0;1,-1;2,-2
6;0,0;-1,0;1,-1;0,-1;1,0;0,1
5;0,0;0,-1;0,-2;-1,-1;-1,-2
9;0,0;-1,1;-1,2;0,1;0,2;1,0;1,-1;1,-2;0,-2
5;0,0;1,0;2,-1;2,-2;3,-2
14;0,0;0,-1;-1,0;-1,1;0,1;-1,2;1,1;2,0;3,0;4,-1;4,-2;3,-2;2,-2;2,-3
8;0,0;-1,1;-2,1;-3,1;-3,2;-2,2;-3,3;-3,4
9;0,0;-1,1;-1,2;0,2;-2,2;0,1;-1,3;0,3;-1,4
8;0,0;-1,0;-1,-1;-2,-1;-2,-2;-3,-1;-4,-1;-4,-2
11;0,0;0,-1;1,-2;-1,-1;1,-1;1,0;1,1;0,1;-1,2;-2,3;-3,4
8;0,0;-1,1;0,1;1,0;1,-1;1,-2;0,-1;2,-3
2;0,0;-1,0
6;0,0;0,-1;0,1;-1,1;-2,1;-2,2
2;0,0;-1,1
9;0,0;1,0;0,1;1,1;1,2;0,2;2,0;3,0;3,1
3;0,0;-1,0;-2,0
10;0,0;0,1;1,1;2,1;2,0;1,2;0,3;0,4;-1,5;0,5
4;0,0;-1,1;-1,0;0,-1
10;0,0;-1,0;-2,1;-3,2;-3,1;-3,0;-4,0;-3,-1;-2,-1;-2,0
4;0,0;0,1;-1,2;-1,1
12;0,0;-1,1;-2,1;-2,2;-2,3;-1,3;-1,4;0,3;1,3;1,4;2,3;3,3
3;0,0;-1,0;-1,1
7;0,0;0,-1;0,-2;1,-2;1,-1;-1,0;-1,-1
5;0,0;-1,1;-2,2;-1,2;-2,1
13;0,0;1,-1;0,-1;-1,-1;-1,-2;-2,-1;0,-3;0,-4;1,-5;2,-5;3,-5;4,-6;4,-5
4;0,0;-1,0;-1,1;-2,1
9;0,0;0,1;1,-1;1,-2;1,-3;2,-2;3,-3;2,-3;2,-4
7;0,0;-1,1;-2,2;-2,3;-1,3;-2,4;-3,4
10;0,0;-1,0;0,-1;0,-2;1,-1;2,-2;1,-2;2,-3;1,-3;3,-3
6;0,0;0,1;-1,1;-1,2;0,2;-1,3
9;0,0;-1,1;0,1;-1,2;-1,0;0,-1;1,1;1,2;0,2
7;0,0;-1,0;-1,-1;0,-1;-2,0;-2,-1;-1,-2
11;0,0;-1,0;-2,1;0,-1;1,0;1,1;2,0;3,0;4,0;3,1;5,0
8;0,0;0,1;1,0;2,-1;1,-1;0,-1;-1,0;-1,1
2;0,0;1,-1
8;0,0;-1,0;-1,-1;-1,-2;0,-2;-2,1;-2,2;-1,1
3;0,0;0,1;0,2
8;0,0;-1,1;0,-1;1,-1;1,-2;2,-3;3,-4;4,-4
2;0,0;-1,0
9;0,0;0,1;-1,1;-2,1;-3,1;-2,2;-3,3;-4,4;-5,4
3;0,0;0,1;-1,1
8;0,0;1,-1;1,0;2,-1;0,-1;-1,-1;0,-2;-1,-2
5;0,0;-1,0;0,-1;1,-2;2,-3
10;0,0;0,1;1,1;1,2;2,2;1,3;0,3;0,2;-1,3;-1,2
5;0,0;1,-1;0,-1;0,-2;-1,-1
10;0,0;-1,0;-1,1;-1,2;0,2;0,1;1,1;0,3;-1,3;-2,3
5;0,0;0,1;1,0;-1,1;-2,2
11;0,0;-1,1;-2,2;-1,2;0,1;1,0;1,1;2,1;3,0;4,-1;4,-2
6;0,0;-1,0;-2,0;-1,-1;0,-2;0,-3
12;0,0;1,0;1,1;0,2;-1,2;0,1;1,2;1,3;2,2;3,2;3,3;2,3
6;0,0;0,1;0,2;1,1;2,0;2,1
5;0,0;0,1;1,1;1,2;0,2
11;0,0;1,-1;1,-2;1,-3;0,-2;2,-3;3,-4;4,-4;5,-5;4,-5;5,-6
6;0,0;1,0;1,1;2,1;3,1;3,2
7;0,0;0,1;1,0;-1,1;-2,2;-3,3;-1,2
5;0,0;1,-1;0,-1;-1,-1;-1,0
11;0,0;-1,0;-1,1;0,-1;-1,-1;-2,0;-2,-1;-2,-2;-1,-3;-3,-1;-3,0
7;0,0;0,1;1,-1;0,-1;-1,0;-2,0;-2,1
12;0,0;0,-1;-1,0;-2,1;-1,1;1,-1;2,-2;2,-3;1,-3;1,-4;0,-3;-1,-3
7;0,0;1,-1;2,-2;2,-3;1,-3;1,-4;1,-5
10;0,0;1,0;2,0;2,1;1,2;3,0;1,1;2,-1;2,-2;2,-3
7;0,0;0,1;-1,0;1,0;2,0;2,-1;2,-2
2;0,0;1,-1
6;0,0;1,0;2,-1;1,-1;2,-2;3,-2
3;0,0;0,1;-1,2
7;0,0;1,-1;2,-1;1,0;-1,1;0,1;-1,0
3;0,0;1,-1;1,-2
10;0,0;1,0;1,1;1,2;0,2;0,1;-1,2;-2,3;-2,2;-1,3
4;0,0;0,-1;1,-2;1,-3
11;0,0;1,-1;2,-1;3,-1;4,-1;5,-1;5,-2;4,0;3,1;2,2;3,2
4;0,0;1,0;-1,0;-2,1
8;0,0;0,1;0,2;1,2;2,2;3,1;1,3;1,1
5;0,0;1,-1;2,-2;3,-3;4,-4
10;0,0;1,0;0,1;-1,2;-2,2;-3,3;-3,2;-4,3;-2,3;-1,3
4;0,0;1,0;-1,1;-1,0
11;0,0;0,-1;0,-2;0,-3;-1,-3;-1,-4;-2,-4;-1,-5;-1,-6;0,-5;0,-4
6;0,0;1,-1;1,0;1,1;0,2;-1,3
11;0,0;1,0;2,-1;1,-1;3,-1;3,0;2,1;2,0;4,-1;5,-1;4,0
5;0,0;0,-1;-1,0;-1,1;-1,-1
7;0,0;1,-1;0,-1;-1,-1;1,-2;0,-2;2,-2
7;0,0;1,0;1,1;0,2;2,1;3,1;3,2
9;0,0;0,1;1,-1;0,-1;-1,0;-2,1;-1,1;-2,2;-2,0
7;0,0;1,-1;-1,1;-1,0;-1,-1;-1,-2;0,-3
12;0,0;-1,1;-2,1;-2,0;-3,0;-3,-1;-4,1;-4,2;-3,1;-1,-1;0,-2;1,-2
6;0,0;1,0;2,0;2,-1;0,1;1,1
2;0,0;0,-1
8;0,0;1,-1;2,-2;1,-2;0,-1;0,-2;-1,-1;-1,0
3;0,0;1,0;0,1
8;0,0;0,-1;-1,-1;0,-2;1,-3;2,-3;1,-4;0,-4
3;0,0;1,-1;2,-1
7;0,0;1,0;1,-1;1,-2;2,-3;3,-4;2,-2
4;0,0;1,0;0,1;0,2
10;0,0;0,-1;1,-2;1,-3;0,-2;-1,-1;-1,-2;0,-3;2,-4;3,-5
5;0,0;-1,1;0,1;1,1;2,1
11;0,0;1,0;1,-1;2,-1;2,-2;3,-3;2,-3;1,-3;1,-4;0,-4;-1,-3
3;0,0;0,-1;-1,0
7;0,0;1,-1;-1,1;1,0;1,1;0,2;0,1
5;0,0;1,0;1,-1;0,-1;0,-2
14;0,0;0,-1;1,-1;1,0;2,-1;3,-2;2,-2;3,-3;4,-4;4,-3;5,-3;6,-3;6,-2;6,-1
6;0,0;0,-1;0,-2;0,-3;-1,-3;-1,-2
13;0,0;-1,1;-2,2;-2,3;-3,4;-4,5;-4,6;-5,7;-4,7;-5,8;-5,6;-6,7;-7,7
5;0,0;-1,0;0,-1;-1,-1;-1,-2
12;0,0;0,-1;1,-1;2,-1;1,0;3,-2;4,-2;5,-2;5,-3;4,-3;5,-4;4,-4
7;0,0;-1,1;-2,1;0,1;-1,2;-2,3;-2,4
15;0,0;1,0;1,1;2,0;3,-1;4,-1;5,-2;6,-3;6,-2;6,-1;6,0;6,1;6,2;5,2;7,1
8;0,0;0,-1;1,-2;-1,-1;-1,-2;-1,-3;-1,-4;0,-4
2;0,0;-1,1
8;0,0;1,0;2,0;2,1;1,1;1,2;1,3;2,3
2;0,0;-1,0
8;0,0;0,-1;1,0;2,0;1,1;1,2;1,3;1,4
2;0,0;-1,1
7;0,0;-1,0;1,0;2,0;1,1;0,1;1,-1
4;0,0;0,-1;-1,-1;0,-2
10;0,0;-1,1;-1,2;0,1;-1,0;-2,1;-2,2;-3,2;-4,3;-5,4
3;0,0;1,0;1,-1
12;0,0;0,-1;-1,0;-1,-1;-1,-2;0,-2;1,-2;1,-3;1,-4;2,-4;2,-5;3,-5
5;0,0;0,1;1,1;1,2;0,3
11;0,0;-1,1;-2,1;-3,1;-3,2;-1,0;-2,0;-2,-1;-2,-2;-1,-3;0,-3
6;0,0;-1,0;-1,1;0,1;-1,2;0,2
9;0,0;0,-1;1,-2;0,-2;-1,0;-1,1;-2,2;-3,3;-1,2
5;0,0;-1,1;-2,2;-3,3;-3,2
10;0,0;-1,0;-2,0;-1,-1;-1,-2;-1,-3;-2,-3;-1,-4;0,-4;1,-5
4;0,0;0,-1;1,-2;-1,0
12;0,0;-1,1;-1,0;-2,0;-2,-1;-3,0;-3,1;-4,1;-4,0;-5,0;-5,-1;-5,-2
8;0,0;-1,1;-2,2;-2,1;-3,2;-3,1;-3,0;-4,0
10;0,0;-1,0;-2,0;-1,1;-2,2;-1,2;0,1;0,-1;0,-2;1,-3
6;0,0;0,1;1,1;-1,2;0,2;1,2
11;0,0;-1,1;-1,2;-2,3;-2,4;0,1;1,1;1,2;2,2;3,2;3,1
6;0,0;-1,0;-1,-1;0,-2;1,-3;0,-3
2;0,0;0,-1
8;0,0;-1,1;-2,1;-2,0;-1,-1;-3,0;-3,1;-2,-1
2;0,0;-1,0
6;0,0;0,-1;0,-2;-1,0;-1,-1;1,-3
3;0,0;0,1;-1,2
9;0,0;-1,1;1,0;0,1;1,1;2,1;2,0;2,-1;3,-1
3;0,0;-1,0;1,-1
5;0,0;0,1;-1,1;-2,2;1,0
5;0,0;-1,1;-1,0;0,-1;0,-2
8;0,0;-1,0;-2,1;-2,2;-1,1;-1,2;-2,3;-3,3
5;0,0;0,-1;1,-2;1,-3;1,-4
9;0,0;-1,1;0,1;0,2;1,1;1,0;2,-1;2,0;-1,2
6;0,0;1,-1;1,-2;0,-2;0,-1;-1,0
11;0,0;-1,0;-1,1;-2,1;-3,2;-4,2;-4,1;-3,0;-2,0;-3,1;0,-1
5;0,0;0,1;1,0;0,2;-1,1
8;0,0;-1,1;0,1;1,0;-1,2;-2,3;-1,3;-2,2
5;0,0;-1,0;-2,0;-3,1;-3,0
9;0,0;0,1;0,2;1,0;1,-1;1,-2;0,-1;2,-2;2,-1
6;0,0;-1,1;-2,2;-2,3;-3,2;-1,2
13;0,0;-1,0;0,-1;0,-2;1,-3;1,-2;2,-2;3,-3;4,-4;4,-3;4,-5;3,-4;2,-3
8;0,0;0,-1;1,-1;2,-1;2,0;1,1;3,0;3,-1
13;0,0;0,1;-1,0;-2,1;-3,1;-3,2;-4,3;-3,3;-4,4;-3,4;-4,5;-5,5;-3,5
6;0,0;1,-1;1,0;2,-1;2,0;3,-2
2;0,0;-1,0
6;0,0;0,1;-1,2;1,0;2,-1;2,0
3;0,0;-1,1;-2,1
8;0,0;-1,0;-1,1;-1,-1;0,-2;0,-3;0,-4;1,-4
2;0,0;0,1
11;0,0;-1,1;-2,2;-3,2;-3,3;-4,4;-3,4;-3,5;-3,6;-4,6;-5,7
4;0,0;1,-1;2,-1;3,-1
7;0,0;-1,0;-2,0;-1,-1;0,-2;0,-1;-3,0
5;0,0;0,1;0,2;-1,3;-2,4
11;0,0;1,-1;2,-2;1,-2;0,-2;1,-3;2,-3;3,-4;3,-5;3,-6;3,-7
6;0,0;-1,0;-2,1;-2,0;-1,-1;-1,-2
8;0,0;0,1;-1,1;-1,2;-2,2;-3,3;-3,4;-3,2
4;0,0;-1,1;-1,2;1,0
10;0,0;-1,0;-1,-1;0,-1;0,-2;0,-3;0,-4;-1,-4;0,-5;-1,-3
6;0,0;1,0;0,1;-1,1;-2,2;-3,2
11;0,0;0,1;1,0;0,2;0,3;-1,4;-2,5;-1,3;-2,4;-3,4;-3,5
6;0,0;1,-1;0,-1;1,-2;-1,0;-1,-1
10;0,0;-1,0;-1,1;-2,2;-2,1;-3,1;-3,0;-4,1;-2,0;-2,-1
7;0,0;0,1;0,-1;1,-2;1,-3;2,-3;3,-3
7;0,0;1,-1;0,-1;0,-2;-1,-1;-2,-1;-1,-2
8;0,0;-1,0;-2,0;0,-1;1,-1;2,-2;1,-2;2,-3
2;0,0;0,1
6;0,0;-1,1;-1,0;0,-1;0,-2;1,-2
2;0,0;1,-1
9;0,0;1,0;2,-1;0,1;-1,2;-2,3;-2,4;-2,5;-1,5
3;0,0;0,1;1,1
9;0,0;1,-1;2,-1;2,0;3,-1;3,-2;3,-3;3,-4;2,-3
4;0,0;-1,0;-1,-1;-1,-2
10;0,0;0,1;-1,2;-2,2;-1,1;-2,1;-2,3;-2,4;-3,5;-2,5
4;0,0;1,-1;2,-2;3,-2
9;0,0;-1,0;-2,1;-3,2;-3,3;-4,2;-5,3;-5,4;-4,3
4;0,0;1,0;1,-1;0,1
11;0,0;0,1;0,2;1,1;-1,1;-1,0;-1,-1;-2,0;-2,-1;-3,-1;-3,-2
5;0,0;1,-1;2,-2;1,-2;0,-2
13;0,0;1,0;2,0;2,-1;3,-2;3,-1;2,1;3,0;4,0;5,0;4,1;5,1;6,1
5;0,0;0,1;-1,1;-1,2;-2,2
12;0,0;1,-1;1,0;0,-1;-1,-1;-1,-2;-2,-1;-2,0;-3,1;-4,1;-5,2;-6,2
6;0,0;-1,0;-2,1;-1,1;-1,2;0,1
12;0,0;0,1;1,0;2,0;1,1;0,2;1,2;2,2;1,3;3,1;3,2;4,1
7;0,0;0,-1;1,-1;2,-2;2,-1;3,-1;3,-2
8;0,0;1,-1;0,-1;-1,0;-2,1;-2,0;-1,1;-1,-1
7;0,0;1,0;1,1;2,0;2,-1;3,-2;2,-2
12;0,0;0,1;1,0;1,1;2,0;2,1;3,-1;2,-1;4,-2;5,-3;4,-3;4,-4
8;0,0;1,-1;0,-1;0,-2;-1,-1;-2,0;-3,0;-3,1
2;0,0;1,0
6;0,0;0,1;0,2;-1,2;-1,3;-1,1
3;0,0;1,-1;1,-2
8;0,0;1,0;2,-1;1,1;0,1;-1,2;-1,3;0,2
3;0,0;1,0;2,0
10;0,0;0,-1;-1,-1;-2,0;-2,-1;-3,0;-3,1;-4,0;-4,-1;-3,-2
3;0,0;1,-1;1,0
8;0,0;1,0;1,-1;1,-2;0,-2;0,-1;1,-3;-1,-1
5;0,0;0,-1;-1,0;-2,0;-1,-1
8;0,0;1,-1;0,-1;1,0;1,1;1,2;2,-1;2,-2
4;0,0;1,0;2,0;0,1
11;0,0;0,1;-1,1;-1,2;-2,2;-3,2;-3,3;-4,4;-5,4;-6,4;-5,3
4;0,0;0,-1;-1,0;-1,-1
11;0,0;-1,1;-2,2;-2,1;-2,0;-3,1;-1,2;0,2;0,3;1,3;2,2
5;0,0;1,0;0,1;2,0;2,-1
9;0,0;0,-1;0,-2;0,-3;1,-3;1,-4;-1,-1;-2,0;-2,-1
7;0,0;1,-1;1,-2;2,-2;3,-3;4,-4;5,-4
10;0,0;1,0;0,1;-1,1;-1,2;-1,3;0,2;0,3;-1,0;-2,1
6;0,0;0,-1;-1,-1;1,-1;0,1;-1,1
10;0,0;1,-1;2,-1;3,-2;3,-1;2,0;4,-2;5,-2;5,-3;2,1
5;0,0;-1,1;-1,0;-2,1;-2,0
2;0,0;1,0
8;0,0;0,-1;1,-2;1,-1;-1,-1;-2,0;-3,0;-2,-1
2;0,0;-1,1
5;0,0;1,0;2,0;-1,1;-2,1
3;0,0;0,-1;0,-2
8;0,0;1,-1;-1,0;2,-2;1,-2;0,-2;0,-1;-1,-1
3;0,0;1,0;2,-1
9;0,0;0,-1;1,-1;2,-2;3,-2;3,-1;3,0;2,1;1,2
3;0,0;0,-1;0,-2
9;0,0;-1,1;-1,2;-2,1;-3,1;-2,0;-3,2;-2,2;-2,3
4;0,0;1,0;2,-1;2,0
9;0,0;0,-1;-1,0;-2,1;-2,2;-3,2;-4,2;-4,1;-3,1
6;0,0;-1,1;-2,1;-3,1;-3,2;-2,2
11;0,0;1,0;1,-1;2,-1;3,-1;3,-2;4,-2;4,-1;5,-1;5,-2;4,-3
5;0,0;0,-1;1,-1;1,0;2,-1
12;0,0;1,-1;2,-2;2,-1;2,0;3,-1;3,-2;3,-3;4,-4;2,-3;1,-3;1,-4
5;0,0;-1,1;0,1;-1,2;-1,3
10;0,0;-1,0;-2,0;-2,1;-3,1;-4,1;-3,0;-2,-1;-1,-2;-1,-1
6;0,0;0,-1;0,-2;0,-3;-1,-3;-2,-3
7;0,0;-1,1;1,0;0,1;0,-1;-1,-1;-1,0
7;0,0;1,0;0,1;-1,1;-1,0;-2,0;-2,1
15;0,0;0,-1;-1,-1;-2,-1;-1,-2;-1,-3;-1,-4;0,-4;0,-5;-1,-5;-1,-6;0,-6;0,-7;1,-8;2,-9
7;0,0;-1,1;-1,2;-2,3;-2,4;-3,5;-4,5
2;0,0;1,0
8;0,0;-1,0;0,-1;0,1;1,0;2,-1;1,-1;-1,-1
2;0,0;0,-1
8;0,0;-1,1;-2,1;-2,2;-1,2;0,2;1,2;1,1
3;0,0;-1,0;-1,1
8;0,0;0,-1;0,-2;1,-2;1,-3;0,-3;1,-4;0,-4
3;0,0;-1,1;-2,2
11;0,0;1,0;-1,1;-1,2;-2,3;-2,4;-1,4;-2,5;-1,5;-2,6;-3,7
3;0,0;0,-1;1,-1
9;0,0;-1,1;-1,0;-1,-1;-2,0;-2,1;0,1;0,2;-1,2
3;0,0;-1,1;0,1
11;0,0;-1,0;-2,1;-2,0;-2,-1;-2,-2;-3,-2;-3,-1;-4,-1;-5,0;-6,1
4;0,0;0,-1;-1,-1;-2,0
10;0,0;-1,1;0,1;-1,0;-2,0;-2,1;-3,1;-4,1;-4,0;-5,0
4;0,0;-1,0;-1,-1;-2,0
10;0,0;0,-1;-1,0;-1,1;-1,-1;0,-2;-2,0;-2,-1;-3,-1;-3,0
4;0,0;-1,1;0,1;-1,2
13;0,0;1,0;2,0;2,1;2,2;1,1;1,2;3,2;3,3;4,3;3,4;2,5;2,4
7;0,0;-1,0;-1,-1;-1,-2;-2,-2;-3,-1;-3,-2
11;0,0;0,1;0,2;0,3;1,2;0,4;1,4;1,5;1,3;2,3;0,5
5;0,0;-1,1;-1,0;-2,0;-1,-1
11;0,0;-1,0;-2,0;-1,-1;-2,-1;-3,-1;-3,-2;-4,0;-5,0;-6,0;-5,1
7;0,0;0,-1;1,-1;2,-2;3,-2;3,-1;4,-1
2;0,0;-1,1
6;0,0;-1,0;-2,1;-1,-1;-2,-1;-2,0
3;0,0;0,-1;1,-2
6;0,0;0,1;1,1;1,0;-1,1;0,2
3;0,0;-1,1;-2,1
9;0,0;-1,0;-1,1;0,1;0,-1;-1,-1;0,-2;-1,-2;0,-3
3;0,0;0,1;1,0
9;0,0;-1,1;-2,2;-3,3;-2,3;-2,4;-1,3;-4,4;-4,5
4;0,0;-1,0;1,-1;1,0
9;0,0;0,-1;0,-2;-1,-1;-2,0;-3,0;-3,-1;-3,-2;-2,-2
3;0,0;-1,1;-1,2
10;0,0;-1,0;0,-1;-2,1;-2,0;-2,-1;-1,-2;0,-3;-1,-3;1,-4
5;0,0;-1,0;0,-1;0,-2;-1,-2
13;0,0;0,1;-1,1;-2,1;-3,1;-3,0;-2,0;-3,2;-4,2;-5,2;-6,3;-6,2;-7,3
5;0,0;-1,1;-1,2;0,2;0,1
10;0,0;-1,0;0,-1;1,-2;2,-2;3,-2;3,-1;4,-2;2,-1;1,-1
7;0,0;0,1;-1,2;-2,3;-2,4;-1,3;-1,4
10;0,0;-1,1;-2,1;-1,0;-2,0;-2,2;-3,3;-4,4;-4,3;-5,4
8;0,0;-1,0;-2,0;-2,1;-2,2;-2,3;-3,4;-4,4
13;0,0;0,-1;-1,-1;-2,0;-3,1;-3,0;-2,-1;-1,-2;-2,-2;-1,-3;0,-4;-1,-4;-1,-5
9;0,0;0,1;1,0;2,0;2,-1;1,-1;1,-2;2,-2;3,-2
2;0,0;1,-1
5;0,0;-1,0;-2,0;-1,-1;-2,1
2;0,0;0,1
7;0,0;-1,1;-1,0;0,-1;0,-2;1,-2;2,-3
3;0,0;-1,0;-2,1
6;0,0;0,1;-1,1;-1,0;-1,2;-2,2
4;0,0;-1,1;0,1;0,2
10;0,0;1,-1;1,-2;0,-2;0,-3;-1,-3;-2,-2;-3,-2;-4,-2;-2,-3
4;0,0;-1,0;-1,-1;0,-1
10;0,0;0,1;-1,2;-2,2;-2,1;-3,2;-4,2;-3,1;-3,3;-4,4
4;0,0;1,-1;0,-1;-1,0
8;0,0;-1,0;1,-1;1,0;-2,1;-3,2;-3,3;-4,2
5;0,0;0,1;1,-1;2,-1;1,0
11;0,0;1,-1;0,1;0,2;1,2;1,3;2,3;3,3;4,3;4,2;5,1
6;0,0;-1,0;0,-1;0,-2;-1,-2;0,-3
13;0,0;0,1;1,1;2,1;2,0;1,0;2,-1;3,0;4,0;3,1;3,2;3,3;2,4
5;0,0;0,1;-1,0;-2,0;-2,1
8;0,0;1,-1;1,0;2,0;2,-1;1,1;0,1;3,-1
5;0,0;1,0;0,1;2,0;1,-1
12;0,0;0,1;-1,1;-2,2;-2,3;-3,2;-3,3;-1,0;-1,-1;0,-2;-1,-2;-2,-2
7;0,0;1,-1;2,-1;3,-2;4,-2;3,-1;2,0
11;0,0;-1,0;-1,-1;-1,-2;0,-1;0,-2;0,-3;-1,-3;0,-4;-1,-4;-2,-3
7;0,0;0,1;0,2;0,3;-1,3;-1,2;-1,1
2;0,0;1,-1
7;0,0;1,-1;2,-1;3,-1;2,0;3,0;4,-2
2;0,0;1,0
8;0,0;0,1;0,2;-1,3;0,3;-1,4;0,4;-2,4
3;0,0;1,-1;2,-2
9;0,0;1,0;2,-1;2,0;1,1;0,1;-1,1;-1,2;-2,2
4;0,0;0,1;1,1;1,0
10;0,0;1,-1;1,-2;0,-1;0,-2;-1,-1;-2,-1;-2,0;-3,0;-4,0
4;0,0;-1,0;-1,1;0,1
9;0,0;0,1;1,0;-1,0;-1,1;-2,1;-2,2;-1,2;-1,3
4;0,0;0,-1;-1,0;1,-1
8;0,0;1,-1;0,-1;1,-2;2,-2;2,-3;1,-3;0,-3
6;0,0;1,0;1,1;0,2;-1,3;-1,4
7;0,0;0,1;0,-1;1,-1;1,1;1,0;2,0
5;0,0;1,-1;0,1;-1,2;-2,2
10;0,0;1,0;0,-1;-1,-1;-1,-2;0,-3;0,-4;0,-5;-1,-3;0,-2
5;0,0;0,1;-1,1;1,0;-1,2
6;0,0;1,-1;1,0;-1,0;0,1;0,-1
8;0,0;1,-1;2,-2;1,-2;2,-3;2,-4;1,-4;2,-5
10;0,0;1,0;0,1;-1,2;0,2;0,3;1,3;2,3;2,2;1,2
7;0,0;0,-1;-1,-1;0,-2;-1,0;-2,1;-3,2
9;0,0;1,-1;1,0;1,1;2,1;1,2;0,3;0,4;0,2
9;0,0;1,0;1,-1;1,-2;0,-1;-1,-1;-1,0;-2,1;-3,1
2;0,0;0,1
7;0,0;1,-1;2,-2;1,-2;2,-3;1,-3;3,-3
3;0,0;1,0;2,0
9;0,0;1,0;1,1;0,1;1,-1;2,0;2,1;2,2;1,2
3;0,0;0,-1;0,-2
10;0,0;1,-1;-1,1;-2,2;-2,3;-3,3;-4,3;-5,4;-5,5;-4,4
3;0,0;1,0;0,-1
9;0,0;0,-1;1,-1;1,0;0,1;-1,1;-1,0;-2,1;-2,2
5;0,0;1,-1;1,-2;1,-3;2,-3
10;0,0;1,0;0,1;1,1;2,0;2,1;3,1;1,2;2,2;2,3
4;0,0;0,1;1,0;-1,0
13;0,0;1,-1;2,-1;3,-1;4,-2;4,-3;5,-4;4,-4;4,-5;3,-5;2,-5;1,-4;2,-4
6;0,0;-1,1;-2,1;-1,0;-2,0;-3,1
8;0,0;0,-1;1,-2;2,-3;1,-3;0,-2;-1,-2;-2,-1
4;0,0;-1,1;-2,2;-3,3
10;0,0;1,0;0,-1;1,-1;1,-2;1,-3;2,-3;2,-4;3,-4;3,-3
4;0,0;0,-1;0,1;-1,2
12;0,0;-1,1;-1,0;-1,-1;0,-1;1,-1;2,-1;1,-2;2,-2;3,-2;4,-3;4,-2
5;0,0;1,0;0,1;-1,1;0,-1
11;0,0;0,-1;1,-1;2,-1;1,-2;0,-2;-1,-1;-1,0;-2,0;-2,1;-3,1
6;0,0;1,-1;0,-1;1,-2;2,-3;2,-2
10;0,0;1,0;1,1;0,2;-1,2;-2,3;-3,3;-1,3;-2,4;2,0
6;0,0;-1,0;-1,-1;0,-2;-2,-1;-3,-1
13;0,0;0,-1;-1,0;-1,1;0,1;0,2;-1,3;-2,3;-2,4;-1,4;-1,5;0,3;-1,2
8;0,0;-1,1;-2,1;-2,0;-3,1;-4,2;-4,1;-5,2
12;0,0;1,0;2,0;2,1;3,1;3,0;3,-1;4,-1;4,0;3,2;3,3;3,4
8;0,0;0,-1;0,-2;-1,-2;0,-3;0,-4;1,-4;2,-5
9;0,0;-1,1;-2,2;-1,2;-3,3;-4,4;-4,3;-3,2;-4,2
6;0,0;1,0;2,-1;2,0;3,-1;2,1
2;0,0;0,-1
6;0,0;0,-1;-1,1;-2,2;-3,2;0,1
2;0,0;-1,1
10;0,0;-1,0;-2,1;-2,2;-3,3;-4,4;-5,5;-6,6;-7,6;-7,5
3;0,0;0,-1;-1,-1
9;0,0;0,-1;1,0;2,-1;2,0;3,-1;-1,0;-1,-1;0,-2
5;0,0;-1,1;-1,0;-2,0;-3,1
2;0,0;-1,0
9;0,0;0,-1;-1,-1;0,-2;-1,-2;-1,-3;-2,-3;-1,-4;-2,-4
3;0,0;-1,1;-1,2
11;0,0;1,-1;2,-2;2,-3;3,-3;4,-3;3,-2;2,-1;2,0;1,1;2,1
3;0,0;-1,0;-2,1
8;0,0;0,1;-1,1;1,1;1,-1;1,0;2,0;3,-1
4;0,0;-1,1;-1,2;-2,2
8;0,0;-1,0;-1,-1;0,-1;-2,0;-3,1;-3,2;-2,1
5;0,0;0,1;1,0;2,-1;3,-2
12;0,0;-1,1;-2,2;-3,3;-4,3;-4,4;-4,5;-3,5;-2,5;-2,6;-2,7;-3,8
4;0,0;-1,0;-2,0;-1,-1
12;0,0;-1,0;-1,1;-1,2;0,2;-2,2;-3,2;-3,1;-4,2;-5,2;-6,2;-5,1
5;0,0;0,1;0,-1;-1,0;-1,-1
11;0,0;1,-1;1,0;2,0;1,1;1,2;2,2;2,1;3,1;4,0;3,2
4;0,0;-1,0;-2,0;0,-1
9;0,0;0,1;1,1;1,-1;0,-1;-1,-1;0,-2;-1,-2;1,0
6;0,0;-1,1;-1,0;-2,1;-2,0;-3,1
7;0,0;-1,0;-2,1;-1,-1;0,-1;0,-2;1,-2
8;0,0;0,1;-1,2;-2,3;-3,4;-4,5;-4,4;-3,3
9;0,0;-1,1;-2,1;-2,0;-3,1;-1,2;0,1;1,-1;0,-1
8;0,0;1,-1;1,0;1,1;0,2;0,1;-1,1;-2,2
2;0,0;-1,0
9;0,0;0,1;-1,2;0,2;1,1;2,1;2,2;1,3;2,3
2;0,0;1,-1
8;0,0;-1,0;1,-1;2,-2;1,-2;0,-2;1,-3;2,-3
2;0,0;0,1
10;0,0;-1,1;-1,2;0,1;-2,3;-3,4;-4,5;-5,6;-6,6;-7,7
3;0,0;-1,0;0,-1
10;0,0;1,0;2,0;2,-1;1,1;1,2;2,1;3,0;3,-1;4,-2
4;0,0;0,1;1,1;2,1
10;0,0;1,-1;1,-2;0,-2;-1,-1;-2,-1;-1,-2;-3,-1;-3,-2;-2,-2
4;0,0;-1,0;-2,1;-1,1
13;0,0;0,1;1,0;2,-1;3,-2;4,-2;4,-1;5,-1;5,-2;6,-3;7,-3;7,-2;6,-2
5;0,0;1,-1;2,-1;3,-2;3,-3
10;0,0;-1,0;-2,0;-2,1;0,-1;-1,-1;-2,-1;-1,-2;0,-2;0,-3
4;0,0;0,1;0,2;-1,2
9;0,0;0,1;1,0;1,1;0,2;0,3;1,2;0,4;1,3
6;0,0;1,-1;-1,0;-1,1;-2,2;-2,1
9;0,0;1,0;0,1;-1,1;0,2;0,3;-1,4;-2,4;-2,5
7;0,0;0,1;-1,0;-1,-1;-1,-2;-2,-1;-2,0
10;0,0;1,-1;1,0;0,1;2,0;2,1;1,2;1,3;0,3;1,1
8;0,0;-1,0;0,-1;1,-2;1,-3;2,-3;2,-2;3,-3
15;0,0;0,1;1,1;1,2;2,1;3,0;4,0;5,0;6,-1;7,-1;7,-2;7,-3;8,-4;8,-3;9,-4
8;0,0;1,-1;0,-1;0,1;-1,1;-2,1;-3,2;-3,3
2;0,0;-1,0
10;0,0;1,0;2,-1;3,-1;3,0;2,1;2,2;3,1;3,2;2,3
3;0,0;0,1;-1,2
6;0,0;1,-1;0,-1;1,-2;2,-3;3,-3
3;0,0;1,0;2,0
9;0,0;0,1;0,2;-1,3;-1,2;-2,2;-1,1;-3,2;-3,3
4;0,0;1,-1;2,-2;2,-3
10;0,0;-1,0;-2,1;-2,2;-2,3;-1,3;0,3;1,2;1,1;2,1
5;0,0;0,1;-1,1;-1,0;-2,1
8;0,0;0,-1;-1,0;-1,1;1,-1;0,1;1,0;1,1
4;0,0;1,-1;1,-2;2,-2
9;0,0;1,0;0,1;-1,1;-1,0;-1,2;-2,2;-2,3;-1,3
4;0,0;0,1;-1,1;-2,2
6;0,0;1,0;1,-1;2,-2;3,-3;2,-1
3;0,0;0,-1;1,-1
9;0,0;1,-1;2,-2;2,-1;3,-2;3,-1;4,-1;5,-2;3,0
4;0,0;1,0;2,0;2,-1
12;0,0;0,1;-1,1;-1,2;-2,3;-3,3;-4,4;-5,5;-6,6;-5,6;-4,6;-5,7
4;0,0;1,-1;1,0;0,1
9;0,0;-1,1;1,0;0,1;-1,2;1,1;2,1;2,2;3,2
4;0,0;1,0;0,1;1,-1
7;0,0;0,-1;1,-1;2,-2;2,-1;3,-2;4,-2
7;0,0;1,-1;1,-2;2,-3;2,-4;1,-4;2,-5
12;0,0;1,0;1,1;2,-1;2,0;3,-1;4,-2;3,-2;3,-3;3,-4;3,-5;4,-5
7;0,0;0,-1;1,-2;1,-1;1,0;0,1;1,1
10;0,0;1,-1;0,-1;-1,0;-2,0;-3,0;-4,0;-3,-1;-2,-1;1,-2
6;0,0;1,0;1,1;1,2;2,1;2,0
16;0,0;0,1;0,2;-1,2;-2,3;-3,4;-3,5;-2,5;-1,5;-1,6;0,6;0,7;-1,8;0,8;0,9;1,9
8;0,0;0,-1;0,-2;-1,-1;-1,-2;-2,-2;-2,-1;-1,-3
2;0,0;-1,1
6;0,0;1,0;-1,1;-1,0;-1,2;-2,2
2;0,0;0,-1
8;0,0;1,-1;1,0;2,-1;2,-2;3,-3;4,-3;4,-4
3;0,0;1,0;2,-1
10;0,0;0,-1;-1,0;-2,0;-2,1;-2,2;-1,2;-2,3;-2,4;-1,3
3;0,0;1,-1;0,-1
9;0,0;-1,1;-1,2;0,1;-1,0;-1,-1;0,-2;0,-3;1,-4
3;0,0;1,0;1,-1
11;0,0;0,-1;-1,0;0,-2;-1,-1;-2,-1;-1,-2;-2,-2;-3,-2;-3,-3;-2,-3
4;0,0;-1,1;0,1;1,0
7;0,0;1,0;2,0;2,-1;3,-1;1,1;0,1
5;0,0;0,-1;0,-2;-1,0;-2,0
12;0,0;-1,1;-1,0;0,1;0,2;1,0;1,-1;1,-2;0,-1;-1,-1;-2,-1;-3,0
6;0,0;1,0;0,1;-1,1;-2,2;-3,3
9;0,0;-1,0;-2,0;-3,1;-3,0;-4,0;-5,1;-6,2;-3,-1
7;0,0;0,-1;1,-1;2,-2;3,-3;3,-2;4,-3
10;0,0;-1,1;-1,0;-2,1;-2,0;-3,1;-3,2;-3,0;-4,1;-4,0
6;0,0;-1,0;-2,1;-2,0;-1,-1;-2,-1
6;0,0;-1,0;-2,0;-2,1;-2,2;-2,3
7;0,0;0,-1;-1,0;-1,1;0,1;1,0;-1,2
5;0,0;-1,1;1,0;1,1;0,1
6;0,0;-1,0;-2,1;-3,1;0,-1;-1,-1
7;0,0;0,-1;-1,-1;-2,0;-2,1;-1,1;-1,0
11;0,0;0,1;0,2;1,1;0,3;1,2;1,3;0,4;0,5;-1,5;-1,4
7;0,0;-1,1;-1,0;-2,1;-2,0;-1,-1;-2,-1
11;0,0;-1,0;-2,1;-2,2;-3,2;-4,2;-3,1;-3,0;-2,0;-2,-1;-3,-1
7;0,0;0,1;-1,1;-1,0;-1,-1;-2,1;-2,0
11;0,0;-1,1;-2,1;0,1;-1,2;1,0;2,-1;3,-2;3,-3;4,-3;4,-2
9;0,0;-1,0;-1,1;-2,1;-2,2;-3,2;-4,2;-4,3;-4,4
2;0,0;0,-1
7;0,0;-1,1;-2,2;-1,2;-2,3;-3,4;-3,3
3;0,0;-1,0;-2,0
8;0,0;-1,0;1,-1;1,-2;2,-3;2,-2;1,-3;2,-4
2;0,0;0,1
9;0,0;-1,1;-2,2;-2,3;-3,3;-4,4;-5,4;-6,4;-5,3
4;0,0;-1,0;0,-1;-1,-1
8;0,0;0,1;1,1;2,1;2,2;1,2;1,3;2,3
4;0,0;-1,1;-1,2;-2,2
12;0,0;-1,0;-1,-1;-2,0;-2,1;-3,2;-4,2;-5,3;-6,4;-4,3;-4,4;-3,3
4;0,0;0,-1;-1,0;-1,-1
13;0,0;0,1;-1,1;-2,2;-2,1;-1,0;0,-1;1,-2;2,-2;1,-1;2,-1;3,-1;3,-2
5;0,0;1,-1;2,-1;2,-2;1,-2
9;0,0;-1,0;-1,-1;1,-1;2,-1;3,-1;4,-2;4,-3;5,-3
5;0,0;0,1;0,2;-1,2;1,1
6;0,0;-1,1;-1,0;-2,1;-2,0;-2,-1
7;0,0;-1,0;1,0;2,0;2,1;2,2;2,3
12;0,0;0,1;-1,1;-1,2;-1,3;0,2;1,1;1,2;2,2;2,3;1,3;0,4
8;0,0;-1,1;-1,0;-2,1;-3,1;-4,1;-5,1;-5,2
12;0,0;1,-1;0,-1;0,-2;0,-3;-1,-2;-2,-1;-3,-1;-4,0;-3,0;-5,0;-6,0
7;0,0;-1,0;0,-1;-2,1;-3,2;-3,1;-2,0
2;0,0;0,1
9;0,0;1,-1;1,-2;2,-2;3,-2;4,-3;5,-3;5,-2;6,-3
2;0,0;-1,0
9;0,0;0,1;1,0;2,0;3,0;3,1;4,0;4,-1;3,-1
3;0,0;-1,1;0,1
11;0,0;-1,0;-2,0;-1,-1;-2,-1;-3,-1;-3,0;-3,1;-3,2;-2,2;-3,3
4;0,0;0,1;0,2;0,3
9;0,0;0,1;0,-1;-1,-1;-2,0;-1,0;-2,1;-2,2;-1,1
4;0,0;1,-1;2,-2;2,-1
7;0,0;-1,0;1,-1;1,-2;2,-3;2,-4;3,-5
4;0,0;0,1;-1,1;0,2
7;0,0;1,-1;1,0;1,1;2,1;1,2;0,2
4;0,0;-1,0;0,-1;-1,1
3;0,0;-1,0;-1,1
8;0,0;0,1;-1,2;-1,1;-2,1;-3,2;-3,1;-4,2
4;0,0;1,-1;0,-1;-1,-1
11;0,0;1,-1;2,-2;2,-1;1,-2;1,-3;1,-4;0,-4;-1,-3;-2,-3;-2,-2
5;0,0;1,0;2,0;3,0;4,0
9;0,0;0,1;-1,0;-1,1;-2,2;-1,2;-2,3;0,2;1,1
5;0,0;1,-1;1,0;0,1;1,1
11;0,0;1,0;2,-1;3,-2;3,-1;3,-3;4,-4;5,-5;5,-4;4,-3;4,-2
6;0,0;0,1;1,1;0,2;-1,2;0,3
10;0,0;1,-1;2,-1;2,-2;2,-3;1,-2;0,-1;-1,0;-2,0;-3,1
5;0,0;-1,0;-1,-1;-2,0;0,-2
11;0,0;1,0;0,1;0,-1;-1,-1;-2,0;-1,0;-1,-2;0,-3;1,-3;2,-3
7;0,0;0,-1;1,-2;2,-2;3,-2;3,-1;4,-2
12;0,0;1,-1;2,-1;3,-1;3,0;4,-1;4,-2;5,-1;6,-1;5,0;5,1;4,2
6;0,0;1,0;1,-1;2,-1;2,-2;3,-2
13;0,0;0,-1;-1,1;-1,2;-1,3;-2,4;-3,5;-2,5;-3,6;-2,6;-2,7;-1,6;-1,5
7;0,0;1,-1;2,-2;3,-3;2,-3;1,-2;1,-3
2;0,0;1,0
7;0,0;0,1;-1,1;-1,0;-2,0;-1,-1;0,-1
2;0,0;0,-1
7;0,0;-1,1;-1,2;-2,2;-1,3;-2,4;-2,3
4;0,0;1,0;2,-1;3,-1
6;0,0;0,-1;1,-1;2,-2;3,-2;1,-2
4;0,0;1,-1;0,-1;1,-2
12;0,0;1,0;1,1;0,2;-1,2;-2,3;-3,4;-3,3;-3,2;-2,1;-2,0;-2,-1
5;0,0;0,-1;1,-2;1,-3;1,-4
8;0,0;1,-1;0,1;-1,1;-1,0;-1,-1;-2,1;-3,1
5;0,0;1,0;0,-1;0,-2;1,-2
11;0,0;1,0;2,0;3,0;4,0;4,1;5,0;5,1;4,2;3,2;3,1
5;0,0;0,-1;0,-2;-1,-2;-2,-1
7;0,0;-1,1;0,1;-1,2;1,1;2,0;2,1
5;0,0;1,0;0,1;0,2;0,3
10;0,0;0,-1;-1,-1;0,-2;-1,-2;0,-3;-1,-3;-2,-2;-2,-1;-3,-1
7;0,0;1,-1;1,0;1,1;2,0;0,1;-1,1
10;0,0;1,0;1,-1;1,-2;0,-2;0,-1;-1,0;-1,-2;1,-3;1,-4
4;0,0;0,-1;-1,0;-1,1
11;0,0;0,-1;-1,-1;-2,-1;-2,0;-1,0;0,1;-1,2;-2,2;-2,3;-3,3
7;0,0;-1,1;0,1;1,1;0,2;2,1;1,2
2;0,0;1,0
7;0,0;0,-1;-1,1;-2,2;-2,3;-1,2;0,2
2;0,0;-1,1
7;0,0;1,0;0,1;-1,0;-1,-1;-2,-1;-2,0
3;0,0;0,-1;1,-1
10;0,0;1,-1;1,-2;0,-2;1,-3;-1,-1;-1,-2;-2,-2;-3,-1;-4,0
4;0,0;1,0;0,1;1,1
12;0,0;-1,0;0,-1;-1,-1;-2,0;-2,-1;-3,-1;-3,0;-3,1;-2,1;-2,2;-1,1
3;0,0;0,-1;1,-1
8;0,0;-1,1;-1,0;0,-1;-2,2;-2,1;-3,2;-4,2
5;0,0;1,0;1,1;0,2;1,2
11;0,0;0,-1;1,-2;1,-3;2,-4;1,-4;2,-2;2,-1;3,-1;3,0;2,0
6;0,0;-1,1;0,1;0,2;-1,2;-1,3
10;0,0;1,0;2,0;2,-1;3,-2;4,-3;4,-4;5,-4;2,-2;3,-3
6;0,0;0,-1;0,-2;-1,-2;-2,-2;-3,-2
9;0,0;0,-1;1,0;0,1;0,2;0,3;1,-1;1,-2;2,-1
5;0,0;-1,1;1,-1;2,-1;1,0
13;0,0;-1,0;-1,1;-2,2;-2,1;-3,1;-4,2;-4,1;-4,0;-3,0;-2,0;-2,-1;-2,-2
7;0,0;0,-1;-1,-1;0,-2;1,-2;2,-3;2,-2
11;0,0;-1,0;0,-1;1,-2;2,-2;2,-1;2,0;2,1;1,1;0,2;1,2
4;0,0;0,-1;-1,0;-1,1
14;0,0;-1,1;-2,1;-2,0;-3,0;-3,-1;-2,-2;-2,-3;-2,-4;-3,-3;-4,-2;-5,-1;-6,0;-7,1
6;0,0;-1,0;-1,1;0,1;1,0;2,-1
11;0,0;0,-1;0,-2;-1,-2;-2,-2;-1,-3;0,-3;1,-3;1,-4;0,-4;-1,-1
7;0,0;-1,1;-2,2;-1,2;-2,3;-2,4;-3,4
14;0,0;-1,1;1,-1;2,-1;3,-2;4,-2;4,-1;5,-1;5,0;4,0;3,1;3,2;2,2;2,1
7;0,0;-1,0;-1,1;-2,2;-3,2;-4,3;-3,3
11;0,0;0,1;0,-1;1,-1;1,0;2,-2;2,-1;2,0;3,0;2,1;3,-1
4;0,0;-1,1;-1,2;-2,2
2;0,0;-1,0
8;0,0;0,-1;-1,-1;-2,-1;-1,-2;-1,-3;0,-4;-1,-4
2;0,0;-1,1
10;0,0;-1,0;-1,-1;-2,-1;-3,0;-3,1;-3,2;-2,2;-2,3;-3,4
3;0,0;-1,0;-2,1
8;0,0;0,1;1,0;2,-1;-1,0;-1,-1;-2,0;-2,1
4;0,0;-1,1;0,1;0,2
10;0,0;-1,0;-1,-1;-1,-2;0,-3;1,-4;1,-5;2,-5;3,-5;3,-4
3;0,0;0,1;0,2
10;0,0;-1,1;1,0;2,-1;2,0;3,0;3,-1;2,-2;2,-3;1,-2
5;0,0;-1,0;0,-1;-1,-1;-2,-1
12;0,0;0,-1;1,-1;2,-1;1,0;2,-2;2,-3;2,-4;3,-5;2,-5;2,-6;2,-7
6;0,0;-1,1;-1,0;0,-1;1,-1;2,-2
11;0,0;1,-1;1,0;0,1;-1,2;0,2;1,2;1,3;0,4;-1,4;-2,5
6;0,0;-1,0;0,-1;0,-2;1,-2;1,-1
11;0,0;0,1;1,1;1,2;2,1;3,0;2,0;0,2;0,3;-1,4;-1,5
7;0,0;-1,1;-2,1;-2,0;-3,0;-4,0;-4,1
13;0,0;-1,0;-1,1;0,1;1,0;1,1;2,1;2,0;2,-1;3,-2;4,-3;5,-4;5,-5
5;0,0;0,1;1,0;2,0;1,1
10;0,0;-1,1;-2,2;-3,2;-4,3;-5,3;-6,4;-6,3;-7,3;-8,4
7;0,0;-1,0;-1,1;0,1;1,0;2,-1;3,-1
9;0,0;-1,0;-2,0;-1,-1;0,-2;1,-3;2,-4;-1,-2;-2,-1
8;0,0;0,1;0,2;0,3;1,3;1,4;2,4;1,5
2;0,0;1,-1
8;0,0;-1,0;-2,1;-2,2;-3,2;-4,2;-3,1;-1,1
2;0,0;0,1
8;0,0;-1,1;-1,2;0,2;0,1;1,0;2,-1;1,-1
3;0,0;-1,0;-1,-1
8;0,0;0,1;-1,2;1,1;1,2;2,2;0,2;0,3
4;0,0;0,1;-1,1;-2,2
7;0,0;1,-1;2,-1;2,-2;3,-2;3,-3;3,-4
4;0,0;1,0;1,1;1,2
7;0,0;0,1;1,0;1,-1;0,-1;2,-1;2,-2
4;0,0;1,-1;1,0;2,-1
11;0,0;-1,0;-2,0;-3,0;-4,0;-3,-1;-4,1;-5,2;-4,2;-6,2;-6,3
6;0,0;0,1;1,1;0,2;-1,3;-2,3
11;0,0;1,-1;1,-2;2,-3;3,-3;3,-2;2,-2;2,-1;3,-1;4,-1;3,0
4;0,0;-1,0;-2,1;-3,2
10;0,0;1,0;2,-1;2,0;3,0;1,1;1,2;1,3;2,3;0,3
7;0,0;0,1;1,1;1,0;2,-1;3,-2;3,-3
9;0,0;1,-1;1,-2;0,-1;0,-2;0,-3;1,-4;1,-5;0,-4
6;0,0;1,0;1,-1;0,-1;1,-2;2,-1
12;0,0;0,1;-1,2;0,2;1,0;1,-1;2,-2;0,-1;-1,-1;-1,-2;-2,-1;-3,-1
6;0,0;1,-1;0,-1;1,-2;-1,-1;0,-2
14;0,0;-1,0;-1,1;0,1;0,2;0,3;0,4;-1,4;-1,5;-1,6;0,6;1,6;1,7;2,6
5;0,0;0,1;1,-1;2,-1;2,-2
2;0,0;0,-1
9;0,0;1,-1;2,-2;2,-1;3,-2;3,-1;2,0;3,0;4,-1
3;0,0;1,0;2,0
10;0,0;0,1;-1,1;1,0;1,-1;1,-2;0,-2;-1,-2;-2,-2;-1,-3
3;0,0;1,-1;1,0
9;0,0;1,0;0,1;-1,2;-2,3;-1,3;-2,4;-3,4;-3,5
4;0,0;0,1;1,0;2,-1
7;0,0;1,-1;2,-1;1,0;0,1;2,0;3,-1
4;0,0;1,-1;1,-2;1,-3
12;0,0;1,0;1,1;1,2;0,3;0,4;-1,4;-1,3;-2,4;-3,4;-4,4;-4,5
4;0,0;0,-1;1,-2;1,-1
9;0,0;1,-1;2,-1;2,-2;1,-2;1,0;-1,0;0,-1;-1,1
4;0,0;1,0;1,-1;2,-2
13;0,0;0,1;0,2;1,1;2,0;3,0;2,-1;2,-2;2,-3;1,-2;0,-2;0,-3;1,-4
6;0,0;1,-1;1,-2;0,-1;0,1;-1,2
10;0,0;1,0;2,-1;3,-2;2,-2;3,-3;4,-4;4,-3;1,-2;2,-3
7;0,0;0,1;1,1;1,2;1,3;0,3;0,2
5;0,0;1,0;0,1;-1,1;-1,2
11;0,0;0,-1;1,-2;2,-2;2,-3;3,-4;3,-3;3,-2;2,-1;2,0;3,-1
4;0,0;-1,1;0,1;-1,0
13;0,0;1,0;1,1;2,1;2,0;3,1;3,0;4,-1;5,-2;5,-1;6,-2;6,-3;6,-4
6;0,0;0,-1;0,-2;1,-3;2,-4;3,-5
8;0,0;1,-1;-1,1;-1,2;-2,2;0,2;-1,0;0,1
5;0,0;1,0;2,-1;0,1;0,2
12;0,0;0,-1;1,-1;1,-2;2,-1;3,-1;3,0;4,0;2,0;1,1;0,2;1,2
5;0,0;1,-1;1,-2;0,-1;-1,-1
10;0,0;-1,1;-1,2;-2,2;-2,1;-1,0;0,-1;0,-2;-1,-1;-1,-2
8;0,0;1,0;2,-1;3,-1;4,-2;5,-2;5,-1;4,-1
2;0,0;0,-1
8;0,0;-1,1;-2,1;-3,2;-1,0;-2,0;-3,0;-3,1
2;0,0;1,0
9;0,0;0,-1;-1,0;-2,1;-3,2;-3,3;-4,4;-3,4;-4,5
3;0,0;1,-1;2,-2
6;0,0;1,0;2,0;2,-1;1,-1;2,-2
3;0,0;-1,0;-2,0
8;0,0;0,-1;-1,0;1,-1;2,-2;3,-2;1,-2;1,0
4;0,0;-1,1;1,0;1,-1
10;0,0;1,0;0,1;2,-1;3,-2;3,-1;2,-2;1,-2;0,-2;-1,-2
5;0,0;0,-1;-1,-1;-2,0;-2,1
11;0,0;-1,1;-1,2;0,1;-1,3;-2,3;-3,3;-4,4;-4,5;-3,4;-4,3
5;0,0;1,0;1,-1;1,1;2,0
12;0,0;0,-1;1,-2;1,-3;0,-2;-1,-2;-1,-3;0,-3;-2,-1;-3,0;-2,0;-1,-1
4;0,0;1,-1;2,-1;1,-2
10;0,0;-1,1;-2,1;1,0;2,0;2,-1;3,-1;4,-1;4,0;4,1
7;0,0;-1,0;-1,1;-2,1;-2,0;-2,-1;-1,-2
10;0,0;0,-1;1,-2;2,-3;3,-4;3,-3;3,-2;4,-2;2,-2;3,-1
7;0,0;-1,1;-2,2;-1,2;0,2;0,3;1,2
11;0,0;1,0;0,1;-1,2;-1,3;0,3;0,2;1,1;1,2;2,1;2,2
5;0,0;0,-1;1,-1;1,-2;2,-2
13;0,0;-1,1;-1,0;-2,2;-3,2;-4,3;-4,2;-3,1;-5,3;-4,1;-5,1;-4,0;-4,-1
8;0,0;1,0;0,1;-1,1;-1,0;-1,2;-2,2;-2,3
2;0,0;-1,0
8;0,0;0,-1;-1,-1;0,-2;-1,-2;1,-2;2,-3;2,-2
3;0,0;-1,1;-1,2
7;0,0;-1,0;-1,-1;-2,0;-2,1;-1,1;1,0
3;0,0;0,-1;-1,0
8;0,0;-1,1;-2,1;-2,2;-2,3;-1,2;0,2;-1,3
4;0,0;1,0;2,0;2,-1
10;0,0;0,-1;0,-2;1,-2;1,-3;2,-3;3,-3;3,-2;4,-3;5,-3
5;0,0;0,1;-1,2;-2,2;-1,1
12;0,0;-1,1;1,0;1,-1;0,-1;0,-2;-1,-2;-2,-1;-2,-2;-3,-2;-4,-1;-4,-2
5;0,0;-1,0;-2,0;-1,-1;0,-2
12;0,0;0,-1;1,-1;2,-2;2,-1;3,-1;2,0;3,0;4,0;5,-1;6,-2;5,-2
5;0,0;-1,1;-1,0;-2,2;-2,1
9;0,0;-1,0;-2,1;-2,0;-1,-1;0,-1;-2,-1;-3,1;-4,2
6;0,0;0,-1;1,-2;1,-1;1,0;2,0
8;0,0;-1,1;0,1;-1,0;0,-1;-1,-1;1,1;1,2
7;0,0;-1,0;-1,-1;0,-1;1,-2;2,-3;3,-4
12;0,0;-1,0;-1,1;-2,1;-2,0;-3,0;-3,1;-3,2;-3,-1;-4,-1;-4,-2;-3,-3
6;0,0;0,1;1,0;1,1;1,2;2,1
15;0,0;-1,1;0,1;1,0;1,1;0,2;-1,2;-2,1;-1,0;0,-1;1,-1;2,-2;3,-3;4,-4;4,-3
7;0,0;-1,0;-2,0;-2,-1;-3,0;-3,-1;-2,-2
2;0,0;0,1
5;0,0;-1,1;-1,2;-2,2;1,-1
2;0,0;-1,0
8;0,0;0,-1;1,-1;1,-2;2,-3;3,-3;4,-3;2,-2
3;0,0;0,1;-1,1
9;0,0;1,-1;1,0;2,-1;3,-2;3,-1;4,-2;4,-1;5,-2
3;0,0;-1,0;0,-1
9;0,0;0,1;-1,2;-1,1;-2,2;-3,2;-4,3;-4,4;-4,5
4;0,0;-1,1;-2,1;-2,2
12;0,0;-1,0;-1,1;-1,2;-2,3;-1,3;-2,4;-1,4;-2,5;-2,6;-1,6;0,5
5;0,0;0,1;0,2;-1,2;-1,1
3;0,0;0,1;1,1
9;0,0;-1,1;-1,0;0,-1;0,-2;1,-2;1,-1;-1,-1;-1,-2
4;0,0;1,-1;1,0;0,1
9;0,0;1,0;2,-1;3,-2;3,-3;4,-4;3,-4;3,-5;4,-5
5;0,0;0,1;-1,1;-1,2;0,2
9;0,0;1,-1;2,-1;2,-2;2,0;1,1;2,1;3,0;3,-1
3;0,0;-1,0;-1,-1
12;0,0;0,1;-1,2;-2,2;-2,3;-3,3;-4,3;-5,3;-5,2;-6,2;-5,1;-6,3
5;0,0;1,-1;2,-2;3,-2;2,-1
9;0,0;-1,0;1,-1;1,-2;0,-1;2,-2;2,-3;2,-4;1,-4
6;0,0;1,0;1,-1;-1,0;-1,-1;-1,-2
8;0,0;0,1;0,2;-1,3;-1,2;1,1;2,0;2,1
7;0,0;1,-1;2,-2;2,-3;3,-3;4,-3;5,-3
11;0,0;1,0;0,1;0,2;0,3;0,4;-1,4;1,4;0,5;-1,5;-1,6
6;0,0;0,1;1,1;1,0;2,0;3,-1
12;0,0;1,-1;1,-2;2,-2;2,-1;3,-1;3,0;4,0;4,1;5,1;5,0;6,0
7;0,0;-1,0;-1,1;-2,1;-3,1;-3,2;-4,2
11;0,0;0,1;1,0;1,-1;2,-1;2,-2;3,-3;4,-3;3,-2;3,-1;3,0
7;0,0;1,-1;2,-1;3,-2;2,-2;1,-2;0,-1
2;0,0;1,-1
10;0,0;1,0;1,1;1,2;2,2;3,2;3,1;4,0;4,1;5,1
3;0,0;0,1;1,0
6;0,0;1,-1;1,0;2,0;3,-1;2,-1
2;0,0;1,0
6;0,0;0,1;-1,1;-1,2;-1,3;0,2
4;0,0;1,-1;1,0;2,-1
8;0,0;-1,0;0,-1;-2,0;-3,0;-4,0;-3,-1;-3,1
4;0,0;1,0;0,1;1,-1
11;0,0;0,-1;-1,-1;-1,0;-1,1;-2,2;-3,2;-3,3;-2,3;-1,3;-3,4
3;0,0;1,-1;1,0
8;0,0;1,0;1,-1;0,-1;2,-2;3,-2;2,-1;2,0
6;0,0;0,1;-1,2;0,2;0,3;1,3
8;0,0;1,-1;0,-1;-1,-1;-2,-1;-2,0;1,-2;2,-1
5;0,0;1,0;2,0;1,1;2,-1
9;0,0;0,1;0,2;1,1;1,2;0,3;1,3;2,1;2,0
5;0,0;0,-1;1,-2;0,-2;-1,-1
9;0,0;1,-1;0,-1;2,-2;3,-3;4,-3;4,-4;3,-4;2,-4
6;0,0;1,0;0,1;0,2;-1,2;-2,3
8;0,0;0,-1;1,-1;-1,-1;0,-2;-1,-2;0,-3;1,-2
8;0,0;1,-1;1,-2;2,-2;2,-1;3,-1;1,0;1,1
2;0,0;1,0
9;0,0;0,1;1,0;2,-1;2,-2;3,-3;4,-4;5,-5;6,-6
2;0,0;1,-1
7;0,0;1,0;1,-1;2,-2;2,-3;2,-1;0,-1
3;0,0;1,0;1,1
8;0,0;0,-1;-1,0;-1,-1;-2,0;-3,0;-2,-1;-2,-2