30
20
84
0,4
0,14
1,4
1,14
2,4
2,14
3,4
4,14
5,4
5,14
6,4
6,14
7,0
7,2
7,3
7,4
7,5
7,6
7,7
7,8
7,10
7,11
7,12
7,13
7,14
7,15
7,16
7,18
7,19
8,4
8,14
9,4
9,14
10,4
10,14
11,4
11,14
12,4
12,14
13,4
13,14
14,14
15,4
16,4
16,14
17,4
17,14
18,4
18,14
19,4
19,14
20,4
20,14
21,0
21,2
21,3
21,4
21,5
21,6
21,7
21,9
21,10
21,11
21,12
21,13
21,14
21,15
21,16
21,17
21,19
22,4
22,14
23,4
23,14
24,4
24,14
25,4
26,4
26,14
27,4
27,14
28,14
29,4
29,14

120
6;0,0;1,0;2,0;3,0;4,0;5,0
5;0,0;1,0;2,0;3,0;4,0
6;0,0;1,0;2,0;3,0;4,0;5,0
5;0,0;1,0;2,0;3,0;4,0
6;0,0;1,0;2,0;3,0;4,0;5,0
5;0,0;1,0;2,0;3,0;4,0
6;0,0;1,0;2,0;3,0;4,0;5,0
5;0,0;1,0;2,0;3,0;4,0
6;0,0;1,0;2,0;3,0;4,0;5,0
5;0,0;1,0;2,0;3,0;4,0
6;0,0;1,0;2,0;3,0;4,0;5,0
5;0,0;1,0;2,0;3,0;4,0
6;0,0;1,0;2,0;3,0;4,0;5,0
5;0,0;1,0;2,0;3,0;4,0
6;0,0;1,0;2,0;3,0;4,0;5,0
5;0,0;1,0;2,0;3,0;4,0
6;0,0;1,0;2,0;3,0;4,0;5,0
5;0,0;1,0;2,0;3,0;4,0
6;0,0;1,0;2,0;3,0;4,0;5,0
5;0,0;1,0;2,0;3,0;4,0
6;0,0;1,0;2,0;3,0;4,0;5,0
5;0,0;1,0;2,0;3,0;4,0
6;0,0;1,0;2,0;3,0;4,0;5,0
5;0,0;1,0;2,0;3,0;4,0
6;0,0;1,0;2,0;3,0;4,0;5,0
5;0,0;1,0;2,0;3,0;4,0
6;0,0;1,0;2,0;3,0;4,0;5,0
5;0,0;1,0;2,0;3,0;4,0
6;0,0;1,0;2,0;3,0;4,0;5,0
5;0,0;1,0;2,0;3,0;4,0
6;0,0;1,0;2,0;3,0;4,0;5,0
5;0,0;1,0;2,0;3,0;4,0
6;0,0;1,0;2,0;3,0;4,0;5,0
5;0,0;1,0;2,0;3,0;4,0
6;0,0;1,0;2,0;3,0;4,0;5,0
5;0,0;1,0;2,0;3,0;4,0
6;0,0;1,0;2,0;3,0;4,0;5,0
5;0,0;1,0;2,0;3,0;4,0
6;0,0;1,0;2,0;3,0;4,0;5,0
5;0,0;1,0;2,0;3,0;4,0
6;0,0;1,0;2,0;3,0;4,0;5,0
5;0,0;1,0;2,0;3,0;4,0
6;0,0;1,0;2,0;3,0;4,0;5,0
5;0,0;1,0;2,0;3,0;4,0
6;0,0;1,0;2,0;3,0;4,0;5,0
5;0,0;1,0;2,0;3,0;4,0
6;0,0;1,0;2,0;3,0;4,0;5,0
5;0,0;1,0;2,0;3,0;4,0
6;0,0;1,0;2,0;3,0;4,0;5,0
5;0,0;1,0;2,0;3,0;4,0
6;0,0;1,0;2,0;3,0;4,0;5,0
5;0,0;1,0;2,0;3,0;4,0
6;0,0;1,0;2,0;3,0;4,0;5,0
5;0,0;1,0;2,0;3,0;4,0
6;0,0;1,0;2,0;3,0;4,0;5,0
5;0,0;1,0;2,0;3,0;4,0
6;0,0;1,0;2,0;3,0;4,0;5,0
5;0,0;1,0;2,0;3,0;4,0
6;0,0;1,0;2,0;3,0;4,0;5,0
5;0,0;1,0;2,0;3,0;4,0
6;0,0;1,0;2,0;3,0;4,0;5,0
5;0,0;1,0;2,0;3,0;4,0
6;0,0;1,0;2,0;3,0;4,0;5,0
5;0,0;1,0;2,0;3,0;4,0
6;0,0;1,0;2,0;3,0;4,0;5,0
5;0,0;1,0;2,0;3,0;4,0
6;0,0;1,0;2,0;3,0;4,0;5,0
5;0,0;1,0;2,0;3,0;4,0
6;0,0;1,0;2,0;3,0;4,0;5,0
5;0,0;1,0;2,0;3,0;4,0
6;0,0;1,0;2,0;3,0;4,0;5,0
5;0,0;1,0;2,0;3,0;4,0
6;0,0;1,0;2,0;3,0;4,0;5,0
5;0,0;1,0;2,0;3,0;4,0
6;0,0;1,0;2,0;3,0;4,0;5,0
5;0,0;1,0;2,0;3,0;4,0
6;0,0;1,0;2,0;3,0;4,0;5,0
5;0,0;1,0;2,0;3,0;4,0
6;0,0;1,0;2,0;3,0;4,0;5,0
5;0,0;1,0;2,0;3,0;4,0
6;0,0;1,0;2,0;3,0;4,0;5,0
5;0,0;1,0;2,0;3,0;4,0
6;0,0;1,0;2,0;3,0;4,0;5,0
5;0,0;1,0;2,0;3,0;4,0
6;0,0;1,0;2,0;3,0;4,0;5,0
5;0,0;1,0;2,0;3,0;4,0
6;0,0;1,0;2,0;3,0;4,0;5,0
5;0,0;1,0;2,0;3,0;4,0
6;0,0;1,0;2,0;3,0;4,0;5,0
5;0,0;1,0;2,0;3,0;4,0
6;0,0;1,0;2,0;3,0;4,0;5,0
5;0,0;1,0;2,0;3,0;4,0
6;0,0;1,0;2,0;3,0;4,0;5,0
5;0,0;1,0;2,0;3,0;4,0
6;0,0;1,0;2,0;3,0;4,0;5,0
5;0,0;1,0;2,0;3,0;4,0
6;0,0;1,0;2,0;3,0;4,0;5,0
5;0,0;1,0;2,0;3,0;4,0
6;0,0;1,0;2,0;3,0;4,0;5,0
5;0,0;1,0;2,0;3,0;4,0
6;0,0;1,0;2,0;3,0;4,0;5,0
5;0,0;1,0;2,0;3,0;4,0
6;0,0;1,0;2,0;3,0;4,0;5,0
5;0,0;1,0;2,0;3,0;4,0
6;0,0;1,0;2,0;3,0;4,0;5,0
5;0,0;1,0;2,0;3,0;4,0
6;0,0;1,0;2,0;3,0;4,0;5,0
5;0,0;1,0;2,0;3,0;4,0
6;0,0;1,0;2,0;3,0;4,0;5,0
5;0,0;1,0;2,0;3,0;4,0
6;0,0;1,0;2,0;3,0;4,0;5,0
5;0,0;1,0;2,0;3,0;4,0
6;0,0;1,0;2,0;3,0;4,0;5,0
5;0,0;1,0;2,0;3,0;4,0
6;0,0;1,0;2,0;3,0;4,0;5,0
5;0,0;1,0;2,0;3,0;4,0
6;0,0;1,0;2,0;3,0;4,0;5,0
5;0,0;1,0;2,0;3,0;4,0
6;0,0;1,0;2,0;3,0;4,0;5,0
5;0,0;1,0;2,0;3,0;4,0