25
20
180
1,5
1,11
1,17
2,4
2,5
2,10
2,11
2,16
2,17
3,3
3,4
3,5
3,9
3,10
3,11
3,15
3,16
3,17
4,2
4,3
4,4
4,5
4,8
4,9
4,10
4,11
4,14
4,15
4,16
4,17
5,1
5,2
5,3
5,4
5,5
5,7
5,8
5,9
5,10
5,11
5,13
5,14
5,15
5,16
5,17
7,5
7,11
7,17
8,4
8,5
8,10
8,11
8,16
8,17
9,3
9,4
9,5
9,9
9,10
9,11
9,15
9,16
9,17
10,2
10,3
10,4
10,5
10,8
10,9
10,10
10,11
10,14
10,15
10,16
10,17
11,1
11,2
11,3
11,4
11,5
11,7
11,8
11,9
11,10
11,11
11,13
11,14
11,15
11,16
11,17
13,5
13,11
13,17
14,4
14,5
14,10
14,11
14,16
14,17
15,3
15,4
15,5
15,9
15,10
15,11
15,15
15,16
15,17
16,2
16,3
16,4
16,5
16,8
16,9
16,10
16,11
16,14
16,15
16,16
16,17
17,1
17,2
17,3
17,4
17,5
17,7
17,8
17,9
17,10
17,11
17,13
17,14
17,15
17,16
17,17
19,5
19,11
19,17
20,4
20,5
20,10
20,11
20,16
20,17
21,3
21,4
21,5
21,9
21,10
21,11
21,15
21,16
21,17
22,2
22,3
22,4
22,5
22,8
22,9
22,10
22,11
22,14
22,15
22,16
22,17
23,1
23,2
23,3
23,4
23,5
23,7
23,8
23,9
23,10
23,11
23,13
23,14
23,15
23,16
23,17

100
6;0,0;1,-1;2,-2;3,-3;4,-3;4,-4
3;0,0;1,-1;1,-2
9;0,0;1,0;1,-1;1,-2;2,-2;2,-3;2,-4;3,-5;2,-5
5;0,0;0,1;-1,2;0,2;-1,3
9;0,0;1,-1;0,-1;-1,-1;-2,-1;-3,0;-3,1;-1,-2;-2,-2
5;0,0;-1,0;1,0;2,-1;3,-1
13;0,0;1,0;1,-1;2,-2;1,-2;1,-3;2,-4;2,-3;3,-3;3,-2;3,-1;4,-1;2,-1
6;0,0;0,-1;-1,0;-2,1;-2,0;-3,1
10;0,0;1,-1;2,-2;2,-1;3,-1;3,0;3,1;3,2;2,2;2,1
6;0,0;1,0;2,0;2,-1;0,1;-1,1
9;0,0;0,1;1,1;1,2;0,3;2,1;3,1;2,2;1,3
7;0,0;1,-1;1,0;-1,1;-1,0;-2,1;-3,1
10;0,0;0,-1;-1,0;-2,0;-3,1;-3,2;-2,2;-2,3;-2,4;-2,5
4;0,0;1,-1;0,-1;1,-2
10;0,0;1,0;1,1;0,1;1,-1;1,2;2,2;1,3;1,4;2,4
6;0,0;0,1;-1,1;-1,0;-1,-1;-2,0
10;0,0;0,-1;-1,0;1,-2;0,-2;0,-3;1,-4;-1,-3;-1,-4;0,-4
6;0,0;-1,1;-2,1;-2,2;-2,3;-1,3
7;0,0;1,0;0,-1;-1,0;-1,-1;1,-1;-1,1
7;0,0;0,-1;0,1;0,2;1,1;2,0;3,-1
8;0,0;1,-1;2,-2;1,-2;0,-1;0,-2;0,-3;1,-3
7;0,0;1,0;0,1;1,1;0,2;1,2;2,1
2;0,0;0,-1
9;0,0;1,-1;2,-1;3,-2;3,-3;3,-4;4,-5;3,-5;2,-5
2;0,0;1,0
6;0,0;1,0;0,1;-1,1;-1,2;0,2
3;0,0;0,-1;1,-2
6;0,0;-1,1;0,1;-1,2;0,2;-1,3
4;0,0;1,0;1,-1;2,-1
11;0,0;0,-1;0,-2;-1,-2;-1,-3;-1,-4;-1,-5;-2,-5;-3,-4;-4,-3;-3,-3
3;0,0;1,-1;-1,1
10;0,0;1,0;-1,1;-1,0;0,1;1,1;2,1;3,1;4,0;5,0
5;0,0;0,-1;1,-1;2,-2;3,-3
8;0,0;0,-1;0,-2;-1,0;-1,-1;-1,-2;-1,-3;-2,-3
5;0,0;-1,1;-1,2;-2,2;-2,1
9;0,0;1,0;2,-1;2,0;2,1;1,2;0,2;3,0;3,1
4;0,0;0,-1;1,-1;-1,0
5;0,0;0,-1;1,-2;2,-2;2,-1
7;0,0;-1,1;-2,2;0,1;1,1;1,0;2,0
4;0,0;1,0;-1,1;-1,0
9;0,0;0,-1;1,-1;2,-2;2,-3;1,-2;0,-2;1,-3;0,-3
4;0,0;-1,1;-1,0;0,-1
11;0,0;-1,1;-2,2;-2,1;-3,2;-3,3;-4,3;-5,4;-5,5;-4,4;-5,6
7;0,0;-1,0;0,-1;1,-1;1,0;0,1;1,1
5;0,0;-1,0;-1,1;-2,1;-3,2
11;0,0;0,1;1,0;2,0;2,1;2,2;1,2;0,2;1,1;3,-1;3,-2
5;0,0;-1,1;0,1;1,0;2,-1
9;0,0;-1,0;-2,0;-1,-1;-1,-2;-2,-2;-2,-1;-3,-1;-1,-3
4;0,0;0,1;-1,1;0,-1
9;0,0;-1,1;-2,2;-2,1;-2,0;-3,1;-4,1;-3,2;-4,2
6;0,0;-1,0;0,-1;-1,1;-2,1;-3,2
8;0,0;-1,0;-1,1;0,-1;-1,-1;-2,0;-2,-1;-2,-2
5;0,0;0,1;1,0;-1,2;-1,1
11;0,0;1,-1;1,0;0,1;1,1;2,1;3,1;4,0;5,-1;6,-2;7,-2
6;0,0;-1,0;0,-1;1,-2;2,-2;3,-3
12;0,0;0,1;-1,2;-1,0;0,-1;0,-2;-1,-2;0,-3;1,-3;1,-2;2,-2;1,-1
8;0,0;-1,1;-2,1;-3,2;-2,2;-2,3;-3,4;-4,5
2;0,0;-1,0
8;0,0;0,1;0,2;-1,2;-2,2;-3,2;-2,1;-3,1
2;0,0;-1,1
7;0,0;1,-1;2,-1;-1,1;-2,2;-3,3;-4,3
3;0,0;-1,0;-2,0
10;0,0;0,1;0,2;1,1;2,0;2,-1;2,-2;3,-2;3,-3;4,-3
3;0,0;1,-1;2,-2
9;0,0;-1,0;-2,1;-2,0;-1,-1;0,-1;0,-2;1,-1;2,-1
4;0,0;0,1;-1,1;-1,2
10;0,0;-1,1;0,1;-2,1;-2,2;-1,2;0,2;-1,3;-2,4;-2,3
5;0,0;-1,0;-1,-1;-2,-1;-2,0
10;0,0;1,0;0,1;1,1;0,2;-1,3;-2,3;-3,3;-3,4;-2,2
6;0,0;0,1;-1,2;-2,2;-2,3;-3,3
11;0,0;1,-1;0,-1;-1,0;0,-2;1,0;2,0;2,1;2,2;1,2;0,3
4;0,0;-1,0;-1,1;0,-1
12;0,0;0,1;1,0;2,0;3,0;4,0;5,-1;5,0;6,0;7,-1;8,-2;9,-3
5;0,0;1,-1;0,-1;0,-2;1,-3
11;0,0;-1,0;-2,0;-2,1;-1,1;-3,0;-2,-1;-1,-2;-1,-3;-2,-2;-3,-1
7;0,0;0,1;1,1;0,2;0,3;0,4;1,3
11;0,0;0,1;-1,0;-1,1;1,1;1,0;2,-1;2,0;2,1;3,1;4,0
6;0,0;1,-1;1,0;1,1;0,1;-1,1
13;0,0;1,0;2,-1;3,-2;2,-2;2,-3;3,-4;2,-4;1,-3;1,-2;0,-2;1,-4;0,-4
9;0,0;0,1;-1,1;-2,2;-2,1;-3,2;-3,3;-4,4;-5,4
2;0,0;1,-1
8;0,0;-1,0;-1,-1;-1,-2;-2,-2;-1,-3;-1,-4;-2,-4
3;0,0;0,1;-1,2
9;0,0;1,-1;2,-2;3,-2;3,-1;3,0;4,-1;2,1;1,1
2;0,0;-1,0
6;0,0;1,0;1,-1;2,-1;2,0;3,-1
4;0,0;0,1;0,2;-1,3
8;0,0;1,-1;2,-2;3,-3;3,-4;2,-3;2,-4;4,-5
5;0,0;1,0;2,0;2,1;1,1
9;0,0;0,1;1,1;1,0;1,-1;1,-2;2,-1;2,0;3,-1
4;0,0;1,-1;1,-2;2,-1
12;0,0;-1,0;-1,1;-2,1;-2,2;-1,2;-2,3;-3,3;-3,2;-3,1;-3,0;-3,-1
6;0,0;0,1;1,0;2,0;3,0;4,-1
9;0,0;0,-1;1,-1;-1,0;-1,-1;1,-2;2,-1;3,-1;2,-2
7;0,0;1,-1;0,-1;-1,0;-2,0;-2,1;-3,1
11;0,0;1,0;1,1;0,2;0,1;-1,2;-2,2;-3,3;-2,3;-2,4;-3,5
7;0,0;0,1;1,0;1,-1;0,-1;-1,-1;0,-2
8;0,0;1,-1;0,1;0,-1;1,-2;0,-2;-1,0;-1,-1
5;0,0;1,0;0,-1;1,-1;0,1
12;0,0;0,1;0,2;1,2;1,3;2,3;1,4;2,4;3,4;4,4;4,5;5,5